0.0
0.020637999999999903
0.0428799999999999
0.06713700000000006
0.09289499999999973
0.12094499999999982
0.15338099999999982
0.18830499999999994
0.22660099999999994
0.268177
0.31322499999999953
0.36335500000000054
0.42019999999999935
0.4831159999999995
0.550813999999999
0.6241050000000002
0.7025080000000005
0.7877260000000011
0.8784649999999995
0.9763430000000001
1.076962999999999
1.185724000000003
1.2957559999999986
1.4058729999999993
1.521827
1.6386879999999984
1.7554109999999985
1.8738839999999986
1.9880840000000033
2.104113000000004
2.218580999999999
2.329271
2.442840999999999
2.5549210000000007
2.667140999999999
2.776974000000001
2.8872979999999986
2.995453000000006
3.1021600000000036
3.2129850000000006
3.322384000000001
3.430437000000002
3.541385000000001
3.6521579999999947
3.7613869999999974
3.868883999999998
3.9787200000000045
4.090907999999999
4.199515999999999
4.311167999999997
4.420089999999999
4.526158999999997
4.632608999999994
4.740559999999992
4.8450430000000075
4.949649000000003
5.051420999999995
5.155384999999989
5.259985000000007
5.36371
5.466495
5.5666560000000045
5.668484000000006
5.766438999999997
5.867870000000005
5.969468000000007
6.070844999999999
6.16951199999999
6.27236799999999
6.372115999999994
6.474092000000007
6.5760200000000095
6.674230000000004
6.77738
6.87906600000001
6.981405000000006
7.085374999999999
7.182843000000006
7.284839999999996
7.386461000000007
7.489462999999991
7.592923000000005
7.694719000000002
7.793841000000004
7.896416999999996
7.997402999999998
8.099307999999995
8.198423999999996
8.299125000000013
8.402356000000019
8.502109999999991
8.601900000000004
8.705184325674324
8.805903000000002
8.908978000000015
9.004720999999991
9.102359999999997
9.201450000000003
9.29954899999999
9.394053000000005
9.492537999999994
9.59258900000001
9.692179000000008
9.789513000000003
9.88761600000001
9.984649000000006
10.080315000000006
10.17547999999998
10.268310999999983
10.362748999999983
10.459251000000004
10.554263999999991
10.651508000000016
10.746287999999991
10.838713000000013
10.933282000000014
11.031401999999986
11.126796000000015
11.221314999999997
11.313879999999996
11.408693999999988
11.506427999999998
11.599637999999995
11.69488200000001
11.789439000000002
11.883571999999983
11.977054000000003
12.072111000000016
12.166033000000002
12.257983000000008
12.349129999999988
12.441510000000017
12.533463000000026
12.624426999999988
12.715641999999997
12.809164999999984
12.902741999999996
12.994604999999995
13.085337
13.17467199999999
13.264290999999984
13.357292000000008
13.446397000000022
13.536115000000015
13.627194000000001
13.718393999999996
13.809864999999999
13.902006999999985
13.994165999999996
14.084194000000004
14.173229000000006
14.264486
14.357238999999996
14.448024999999983
14.539621999999978
14.630248000000002
14.715382000000004
14.807513999999994
14.899513999999998
14.988256999999981
15.073819999999984
15.162670999999996
15.248498000000007
15.339427999999993
15.423436000000015
15.513489
15.599113000000008
15.687429000000009
15.77510799999999
15.863918000000027
15.950493999999987
16.034783000000004
16.119435000000017
16.20674200000001
16.28932200000001
16.372282000000006
16.46175299999999
16.54922999999998
16.635342000000005
16.72200099999999
16.807300999999985
16.889635999999985
16.976164000000022
17.061152
17.14718800000001
17.23395400000001
17.325016000000012
17.410024000000007
17.49650899999999
17.583478999999986
17.670087999999986
17.754619999999996
17.840910000000008
17.925571000000026
18.010471000000003
18.096593999999982
18.180179
18.268949999999997
18.349404000000007
18.438422999999986
18.526996000000015
18.614759000000003
18.700812999999997
18.788215
18.874227000000023
18.95644200000001
19.040628999999985
19.127177000000007
19.212654000000015
19.29891799999998
19.384148000000017
19.468725999999982
19.550881999999984
19.636872999999994
19.724992
19.807593000000004
19.89120799999998
19.975163999999996
20.058225999999998
20.141127999999995
20.226871000000006
20.30935800000002
20.392334000000012
20.475558
20.559511999999994
20.639617999999984
20.72019100000002
20.804391999999996
20.888771999999985
20.971546000000025
21.055626999999994
21.13601319680321
21.219357000000006
21.296999999999997
21.377981000000013
21.457992000000004
21.543685999999973
21.624865000000025
21.708071999999987
21.789342999999974
21.872611
21.953719999999976
22.03667399999995
22.118936
22.201706000000012
22.282520000000012
22.364896999999974
22.450151999999992
22.535640000000047
22.620808999999998
22.706045000000046
22.786685000000006
22.86840900000002
22.951620000000016
23.034097999999986
23.11936100000002
23.19902999999997
23.28360899999999
23.364875999999995
23.446029000000024
23.530142
23.610484999999954
23.692326999999995
23.77151699999995
23.850087000000038
23.933699999999988
24.014027000000052
24.093260999999977
24.175161999999993
24.259174000000012
24.33583699999999
24.41360200000001
24.494823
24.573328000000018
24.654309999999956
24.73153200000001
24.810700999999977
24.891059999999985
24.973109000000022
25.049491000000017
25.127352999999967
25.206413999999985
25.283866
25.360883000000005
25.435443999999944
25.513419
25.589417000000015
25.663435000000007
25.739665999999996
25.813440000000032
25.88991500000001
25.967416999999973
26.042180000000016
26.119552000000006
26.193871000000012
26.27150600000003
26.35060799999995
26.42781299999997
26.503354999999953
26.58032799999999
26.656014000000027
26.732704000000016
26.806708
26.88441999999998
26.963292999999997
27.036553000000016
27.116120999999996
27.191042999999983
27.268274999999992
27.344555999999958
27.421150000000004
27.498914000000003
27.577293999999984
27.658140000000007
27.733191
27.809221999999945
27.887715999999994
27.96440100000001
28.039522999999996
28.119009999999992
28.195802999999984
28.272448000000026
28.35078
28.426366999999995
28.50274900000002
28.57796500000001
28.653432000000002
28.730187999999995
28.80596800000003
28.880307999999996
28.95813100000001
29.03173800000001
29.108203999999997
29.181782000000013
29.25431499999999
29.32714700000001
29.400389999999987
29.475672000000014
29.549508000000042
29.627374999999976
29.70209600000001
29.774879
29.849180000000025
29.923033000000014
29.997645000000023
30.073336000000026
30.14653399999998
30.222105000000006
30.299054000000016
30.37421299999996
30.44944299999997
30.52728600000001
30.602303999999986
30.67551500000003
30.75233700000002
30.829559000000028
30.90362599999998
30.97955899999999
31.055872000000033
31.134175000000038
31.207062999999998
31.281918000000008
31.356175000000015
31.433015000000054
31.510323999999994
31.585644000000013
31.665924999999973
31.741849000000016
31.81816948151849
31.89862
31.976341999999985
32.04732600000001
32.12069399999998
32.19182
32.26346499999996
32.336838999999976
32.407768999999995
32.48349200000002
32.556025999999996
32.630765999999966
32.70190700000005
32.773734
32.84487199999999
32.914342000000055
32.988822
33.061107999999976
33.132178999999994
33.205533999999986
33.27421399999994
33.345316999999966
33.417598999999974
33.493037999999984
33.56473800000002
33.63645099999995
33.70756900000001
33.77486800000004
33.848331000000044
33.918482
33.98823599999997
34.05912899999999
34.13391300000001
34.20705299999999
34.28160500000004
34.35625200000001
34.43027000000005
34.50592000000002
34.57787500000001
34.64432199999999
34.72104799999998
34.799073000000014
34.87385199999998
34.95108900000001
35.022657000000024
35.09622499999996
35.17118400000001
35.241482999999995
35.313926
35.38884500000005
35.46007100000002
35.53257700000002
35.602305000000065
35.67410800000005
35.74587500000003
35.81761900000002
35.88834299999999
35.96403500000001
36.03549699999998
36.10884400000004
36.17995500000006
36.25124800000002
36.32541300000001
36.39544799999996
36.46579900000001
36.536602
36.60766799999997
36.67587200000001
36.74501288111888
36.811328999999986
36.88250499999998
36.95416100000005
37.02398199999995
37.09878000000002
37.16936300000002
37.23978699999997
37.31472699999999
37.38658599999992
37.45674799999998
37.53009700000006
37.601631999999974
37.67592200000007
37.74851000000007
37.81799400000004
37.88881899999998
37.95863699999998
38.03081200000008
38.102013000000014
38.174114999999965
38.24508600000003
38.312847999999995
38.38826099999999
38.458098999999976
38.529564000000015
38.59782200000003
38.665836000000006
38.738723999999955
38.81046800000001
38.87894999999998
38.95131800000002
39.021734000000016
39.09573300000002
39.16654800000008
39.236568000000005
39.30459100000001
39.37734599999996
39.446102000000025
39.51523599999997
39.58536100000004
39.655121000000015
39.72741199999996
39.80023399999996
39.86792500000002
39.937776000000014
40.00454700000006
40.074262
40.14406299999999
40.21358900000007
40.281584
40.34982099999999
40.41776099999999
40.48534899999995
40.55533399999997
40.62449099999998
40.69132200000006
40.76124900000002
40.828916000000035
40.89581100000011
40.96988500000002
41.039732000000015
41.10587499999999
41.175929
41.243985999999985
41.31018199999998
41.380537000000025
41.44941199999998
41.518489999999964
41.58264400000004
41.65170299999998
41.71891200000007
41.78767200000003
41.85718000000003
41.927887999999996
41.997533999999995
42.06539000000005
42.134885000000075
42.20251799999993
42.27245699999998
42.33750599999995
42.406085
42.47163699999998
42.54227999999996
42.60903099999996
42.678395000000016
42.74759600000002
42.81403299999992
42.880847000000045
42.95066699999999
43.020258999999996
43.0897079999999
43.15544699999994
43.22412
43.293178
43.361824999999996
43.429583000000044
43.49851600000008
43.56976100000004
43.63739699999999
43.703592000000015
43.77293400000003
43.84125199999996
43.908989999999974
43.97906299999993
44.05198600000002
44.12276800000001
44.19215899999997
44.26254199999993
44.33185700000003
44.397905999999985
44.46760800000007
44.537427000000015
44.60612200000002
44.67268000000002
44.74170599999997
44.80929899999998
44.87487399999999
44.94324100000003
45.01054300000001
45.08288499999996
45.151511
45.22053000000003
45.286548999999965
45.354850000000084
45.42147099999995
45.48819162837163
45.55717999999992
45.62717800000002
45.69514300000001
45.764756000000055
45.830265999999995
45.89714200000002
45.965984999999975
46.03473100000006
46.10366899999996
46.169380000000054
46.23749500000007
46.303750000000065
46.37159799999999
46.438561999999976
46.50164799999998
46.57127299999998
46.63938300000002
46.705824999999955
46.77406799999999
46.83981799999996
46.90243200000005
46.97385299999998
47.03808000000008
47.10716999999997
47.17526100000003
47.24272600000002
47.309530000000045
47.375193000000046
47.44037100000003
47.50892500000001
47.57876899999998
47.647876000000075
47.710790999999965
47.78021899999995
47.84618700000001
47.91504799999993
47.981144000000036
48.048992999999946
48.114016000000035
48.18313400000006
48.25250900000003
48.320528000000074
48.38892500000002
48.454870999999976
48.52186900000003
48.58652899999998
48.65344100000009
48.71749000000003
48.78457699999998
48.85133700000007
48.91833400000007
48.985253000000036
49.05214599999997
49.119976000000015
49.18679499999995
49.25378899999999
49.32202100000002
49.393111999999995
49.45980099999999
49.52780499999992
49.59523900000008
49.660373999999955
49.72369199999994
49.78984499999991
49.859696000000135
49.923708000000026
49.99494600000002
50.063142
50.12527500000005
50.193325999999935
50.259178999999975
50.32480099999997
50.389892999999994
50.455374999999954
50.51969700000007
50.585535999999934
50.64956800000001
50.71614799999995
50.78298300000005
50.851152999999954
50.91963200000001
50.98529900000001
51.05041799999999
51.114972999999864
51.18056400000007
51.24747199999999
51.31164799999997
51.37834300000005
51.44378999999999
51.50974199999996
51.57358799999998
51.63618700000003
51.69762200000001
51.76477300000004
51.82719799999995
51.88986500000007
51.95436800000002
52.01891899999999
52.08147899999991
52.144252
52.212614000000066
52.275945000000064
52.33783199999998
52.402178999999975
52.467794999999946
52.534267999999955
52.59461500000002
52.658499999999975
52.723658000000015
52.79008500000001
52.857665000000125
52.921209000000005
52.98275100000004
53.043642000000084
53.10907599999996
53.1686780000001
53.23556499999998
53.29942899999995
53.367979000000005
53.42760900000001
53.49147200000003
53.55285800000012
53.61611399999997
53.67526700000001
53.73998999999995
53.805090000000064
53.866313999999946
53.931431
53.99554799999996
54.06144899999999
54.12257300000002
54.18721000000005
54.25345699999996
54.31886300000002
54.384880000000045
54.44659199999994
54.512494
54.572922000000034
54.64024799999998
54.703598000000056
54.76849699999996
54.837478000000054
54.89508900000004
54.95893900000002
55.02323700000001
55.08767899999992
55.151601000000056
55.209822999999986
55.27618699999999
55.33724800000011
55.399199999999965
55.4660749999999
55.531292999999984
55.59356499999994
55.65274599999999
55.714735
55.777106999999994
55.841406
55.903957000000084
55.967248999999974
56.02517099999998
56.08822099999994
56.148797
56.21098300000007
56.27735599999994
56.33888000000005
56.40018999999992
56.46150899999996
56.52719500000004
56.59337999999995
56.65355799999995
56.71611799999997
56.78291200000002
56.84666399999994
56.90506300000002
56.96704699999998
57.033180000000016
57.094143
57.15949700000003
57.22447400000003
57.292267
57.35808799999995
57.41828600000002
57.483084000000034
57.543178999999974
57.60839300000005
57.671933999999986
57.73479799999991
57.80065800000005
57.865556999999946
57.93023200000007
57.992476999999944
58.05697799999995
58.12039000000001
58.183840999999994
58.24392799999995
58.30702299999993
58.368349000000016
58.432115999999944
58.49274199999996
58.556402999999975
58.61490599999995
58.678585999999974
58.74304899999999
58.80949299999999
58.87373900000008
58.938753
59.00361899999999
59.06671200000003
59.13105900000004
59.19452300000005
59.25515400000009
59.32098200000004
59.38489000000005
59.445566000000014
59.507905000000015
59.572172999999985
59.63279400000005
59.69563899999997
59.75913899999998
59.82174599999998
59.882140249750286
59.94768399999994
60.01070400000002
60.07321300000004
60.13729699999996
60.20175399999998
60.26082499999989
60.325980000000065
60.389589999999984
60.45138999999998
60.515080999999995
60.57892599999997
60.645094000000036
60.7061739999999
60.76422599999993
60.82736899999993
60.89105900000002
60.95894999999999
61.02371199999994
61.086879
61.14683699999999
61.20720799999998
61.2693009999999
61.33326099999994
61.39138499999992
61.454607999999986
61.517530999999956
61.58215400000005
61.64474657142855
61.708576000000086
61.768594999999934
61.82928200000003
61.887941
61.949083000000044
62.012339999999966
62.07374199999999
62.13573299999998
62.198755999999904
62.26812200000004
62.32704100000003
62.386240000000015
62.45299
62.51655399999992
62.58164200000005
62.64572100000001
62.706359000000035
62.771917000000016
62.83655000000004
62.89960200000006
62.965475
63.02890099999993
63.09215199999999
63.153565
63.21092500000004
63.27427599999987
63.337982999999994
63.39964200000003
63.463532999999956
63.527717999999965
63.58855399999999
63.65378399999996
63.714326999999955
63.7751300000001
63.83287599999998
63.89181699999994
63.95202599999994
64.01365000000006
64.07384399999994
64.13415599999995
64.19547900000002
64.25764200000009
64.32018900000006
64.38260699999994
64.44335199999998
64.50300900000009
64.56191699999995
64.619951
64.68332000000004
64.74294599999999
64.80290799999999
64.86555300000008
64.92571800000005
64.98692399999996
65.05131299999995
65.11420700000016
65.17541999999995
65.23508899999993
65.29536400000005
65.36005700000005
65.42631100000003
65.48439899999993
65.54257199999998
65.60096600000006
65.659724
65.726195
65.78840799999998
65.84823899999994
65.91070799999997
65.97020600000002
66.03866100000008
66.101531
66.16236099999999
66.22161599999995
66.2826699999999
66.34498000000004
66.40440100000002
66.46465000000012
66.52831499999998
66.5897989999999
66.64983699999999
66.71044999999994
66.770247
66.8321160000001
66.89357400000004
66.95579000000002
67.01668300000003
67.07795399999998
67.13816499999994
67.19345700000004
67.25604000000004
67.31599900000005
67.37747299999998
67.43753800000007
67.498456
67.563104
67.62500100000007
67.68667199999993
67.74868200000009
67.809063
67.86805999999996
67.931589
67.98662399999998
68.04460399999999
68.1069099999999
68.16666099999995
68.22546099999998
68.28520400000002
68.34082000000011
68.40059899999999
68.45806699999999
68.5188760000001
68.581969
68.63757400000003
68.69692599999995
68.75528
68.81528199999994
68.87172099999998
68.92629099999999
68.98328899999997
69.04000899999996
69.09772400000004
69.15589399999993
69.21795399999995
69.27671300000003
69.33914999999998
69.39924399999998
69.45809100000011
69.52191299999991
69.57828399999998
69.637955
69.69825300000004
69.75344500000004
69.81081000000005
69.873053
69.93402600000002
69.98979300000016
70.04827500000002
70.10546300000007
70.165277
70.22749700000004
70.28844099999995
70.34816000000008
70.40801499999999
70.473527
70.53008599999997
70.59093699999998
70.64672299999995
70.700839
70.76259800000007
70.8241349999999
70.88372799999996
70.94335000000008
71.00294100000002
71.062316
71.12118499999995
71.1786140000001
71.23732100000001
71.298979
71.35630600000012
71.41477399999998
71.471864
71.52609200000002
71.58474600000002
71.64259899999988
71.70248700000003
71.75805799999993
71.81853399999993
71.87605300000001
71.93573699999985
71.99375599999998
72.04788899999998
72.10654199999996
72.16539199999997
72.22326000000001
72.284
72.3444090000001
72.40171799999996
72.46192000000015
72.51940799999991
72.57825
72.63656400000004
72.69256200000001
72.75208099999993
72.80563899999997
72.86131800000004
72.91813699999994
72.98001899999996
