0.0
0.0
0.0
0.0020171571875788556
0.0020171571875788556
0.0045795350202234575
0.0045795350202234575
0.00701692857762755
0.00701692857762755
0.009666463571410641
0.009666463571410641
0.011759019913521332
0.011759019913521332
0.014343432482062065
0.014343432482062065
0.01719405517544938
0.01719405517544938
0.019493996450356793
0.019493996450356793
0.02156909944134693
0.02156909944134693
0.023933973844391273
0.023933973844391273
0.026428260214459716
0.026428260214459716
0.029440978181590204
0.029440978181590204
0.03190966423939102
0.03190966423939102
0.03446332357166623
0.03446332357166623
0.03719446342160316
0.03719446342160316
0.04063357262250565
0.04063357262250565
0.04300669891352557
0.04300669891352557
0.046648880485173426
0.046648880485173426
0.048486403728242845
0.048486403728242845
0.05209862753530617
0.05209862753530617
0.05516885787976487
0.05516885787976487
0.05771372713721797
0.05771372713721797
0.06087943418318343
0.06087943418318343
0.06396891702385275
0.06396891702385275
0.06573734809557547
0.06573734809557547
0.06892679973639093
0.06892679973639093
0.07089546235552859
0.07089546235552859
0.07459129561109687
0.07459129561109687
0.07800843481809033
0.07800843481809033
0.08248539970789798
0.08248539970789798
0.08492773515667806
0.08492773515667806
0.08838034515476166
0.08838034515476166
0.09215742408992651
0.09215742408992651
0.09482694649597889
0.09482694649597889
0.09832594329523264
0.09832594329523264
0.10171352867483682
0.10171352867483682
0.1069903414791454
0.1069903414791454
0.11233205559221164
0.11233205559221164
0.11574729745975039
0.11574729745975039
0.12019401822149578
0.12019401822149578
0.1256522690965321
0.1256522690965321
0.12876885163765436
0.12876885163765436
0.13354950396579157
0.13354950396579157
0.13822011214626817
0.13822011214626817
0.14296448734120465
0.14296448734120465
0.14718172004720576
0.14718172004720576
0.1527999949498732
0.1527999949498732
0.15960551160040823
0.15960551160040823
0.16624130184798178
0.16624130184798178
0.17186597940913437
0.17186597940913437
0.1759487132859883
0.1759487132859883
0.17915675208902657
0.17915675208902657
0.18224079028781626
0.18224079028781626
0.1866668924726553
0.1866668924726553
0.18977795300587083
0.18977795300587083
0.19339756747348594
0.19339756747348594
0.19698362624455037
0.19698362624455037
0.2036117549556826
0.2036117549556826
0.20750463925621623
0.20750463925621623
0.21247847990031837
0.21247847990031837
0.21737183029824572
0.21737183029824572
0.22333304044482133
0.22333304044482133
0.22870167031612268
0.22870167031612268
0.23306736464535438
0.23306736464535438
0.23925242512382938
0.23925242512382938
0.24766363758936713
0.24766363758936713
0.2532438045487248
0.2532438045487248
0.2587258935334952
0.2587258935334952
0.26516770353329416
0.26516770353329416
0.27169929268446824
0.27169929268446824
0.27792082241902505
0.27792082241902505
0.283501803945543
0.283501803945543
0.2889497032642168
0.2889497032642168
0.2945480655830869
0.2945480655830869
0.2993942275509084
0.2993942275509084
0.30470077213419355
0.30470077213419355
0.3103311859581537
0.3103311859581537
0.3169936406794259
0.3169936406794259
0.32441932749346153
0.32441932749346153
0.33060853893986275
0.33060853893986275
0.3335751993303954
0.3335751993303954
0.3395561588884989
0.3395561588884989
0.34626044573418097
0.34626044573418097
0.3507167456201681
0.3507167456201681
0.35952244185625865
0.35952244185625865
0.3648116581464596
0.3648116581464596
0.37261252682938967
0.37261252682938967
0.37692921979764976
0.37692921979764976
0.38435891413232404
0.38435891413232404
0.39086693981810533
0.39086693981810533
0.3979960848773216
0.3979960848773216
0.40557435672715536
0.40557435672715536
0.4108387453225792
0.4108387453225792
0.4147997127349778
0.4147997127349778
0.4182735000126117
0.4182735000126117
0.4252381600276112
0.4252381600276112
0.43195024095768225
0.43195024095768225
0.43887334671559974
0.43887334671559974
0.44595594862652055
0.44595594862652055
0.4530736591389341
0.4530736591389341
0.4581266800832765
0.4581266800832765
0.4623244339229137
0.4623244339229137
0.4693031380325452
0.4693031380325452
0.47433593792428913
0.47433593792428913
0.4811776287774701
0.4811776287774701
0.4885913738380662
0.4885913738380662
0.49790784002750643
0.49790784002750643
0.5068925207494226
0.5068925207494226
0.5144380538188277
0.5144380538188277
0.52036910337295
0.52036910337295
0.5280688979228769
0.5280688979228769
0.5348035363423205
0.5348035363423205
0.5414502307796774
0.5414502307796774
0.550758956790186
0.550758956790186
0.5536226339442293
0.5536226339442293
0.5615993396014574
0.5615993396014574
0.5684077359650376
0.5684077359650376
0.5785170254473522
0.5785170254473522
0.5856842041871916
0.5856842041871916
0.5931420096911755
0.5931420096911755
0.5991369878566984
0.5991369878566984
0.6076120014146736
0.6076120014146736
0.6157992706420177
0.6157992706420177
0.6220455076072428
0.6220455076072428
0.6312906211254216
0.6312906211254216
0.6398123560468543
0.6398123560468543
0.64806349636494
0.64806349636494
0.6564848718496167
0.6564848718496167
0.6665844831907699
0.6665844831907699
0.6722020615406865
0.6722020615406865
0.6801104635281214
0.6801104635281214
0.687703562152159
0.687703562152159
0.6935857860387127
0.6935857860387127
0.6989973403741812
0.6989973403741812
0.7064031010303841
0.7064031010303841
0.7120931121632436
0.7120931121632436
0.7174344659065699
0.7174344659065699
0.7244918467101827
0.7244918467101827
0.7321701446099945
0.7321701446099945
0.7390028218867678
0.7390028218867678
0.747338767148024
0.747338767148024
0.7549704625525339
0.7549704625525339
0.7636926142767543
0.7636926142767543
0.7689111354373246
0.7689111354373246
0.7756400513235086
0.7756400513235086
0.7804809112590163
0.7804809112590163
0.7853012285808161
0.7853012285808161
0.7923026823479195
0.7923026823479195
0.8020278445305364
0.8020278445305364
0.8098992105731183
0.8098992105731183
0.8160312129353503
0.8160312129353503
0.8226596583486029
0.8226596583486029
0.8298557529056924
0.8298557529056924
0.8382354461122998
0.8382354461122998
0.8460102398312465
0.8460102398312465
0.8536789155164476
0.8536789155164476
0.8625977447315819
0.8625977447315819
0.8711876315018333
0.8711876315018333
0.877911558799389
0.877911558799389
0.8858548256039142
0.8858548256039142
0.8928243213159361
0.8928243213159361
0.8986152153606962
0.8986152153606962
0.9086279239379085
0.9086279239379085
0.9156631825789495
0.9156631825789495
0.921961583749074
0.921961583749074
0.9282671332223537
0.9282671332223537
0.9359435638531576
0.9359435638531576
0.9420204429346528
0.9420204429346528
0.9495362508390183
0.9495362508390183
0.9574830505942599
0.9574830505942599
0.9648021346845658
0.9648021346845658
0.9733652740292882
0.9733652740292882
0.980381276569129
0.980381276569129
0.9859710755680078
0.9859710755680078
0.9937002114384
0.9937002114384
1.003830144147945
1.003830144147945
1.0102023844613857
1.0102023844613857
1.017922668244442
1.017922668244442
1.0260483169849282
1.0260483169849282
1.0344165392299434
1.0344165392299434
1.0424430249123304
1.0424430249123304
1.0506491366861632
1.0506491366861632
1.0569599135845362
1.0569599135845362
1.064580664001586
1.064580664001586
1.0729623355951947
1.0729623355951947
1.0776192767010155
1.0776192767010155
1.0869823382832613
1.0869823382832613
1.0949157695432272
1.0949157695432272
1.1003420899672698
1.1003420899672698
1.106888123533361
1.106888123533361
1.1114992048445362
1.1114992048445362
1.120026708227721
1.120026708227721
1.1269056528264685
1.1269056528264685
1.1340886793609684
1.1340886793609684
1.1448384692265687
1.1448384692265687
1.1508109941279612
1.1508109941279612
1.1539305441415904
1.1539305441415904
1.1570602717326095
1.1570602717326095
1.1653927271009878
1.1653927271009878
1.1705209635299
1.1705209635299
1.1787516249961003
1.1787516249961003
1.1862600391482219
1.1862600391482219
1.1942234964530636
1.1942234964530636
1.1991444978402097
1.1991444978402097
1.2052134916102883
1.2052134916102883
1.2132627816052184
1.2132627816052184
1.2214654495593529
1.2214654495593529
1.2274177276443095
1.2274177276443095
1.2328394151711455
1.2328394151711455
1.2434935641256104
1.2434935641256104
1.2509409169717853
1.2509409169717853
1.2545806021298562
1.2545806021298562
1.2601346056635452
1.2601346056635452
1.2698728055494986
1.2698728055494986
1.2756046021694012
1.2756046021694012
1.2839387843356538
1.2839387843356538
1.289576259976192
1.289576259976192
1.2967668735407145
1.2967668735407145
1.307623570772654
1.307623570772654
1.3165336820052387
1.3165336820052387
1.3232401386278816
1.3232401386278816
1.328618797515791
1.328618797515791
1.3369855395089587
1.3369855395089587
1.3435937069471209
1.3435937069471209
1.3499159945021035
1.3499159945021035
1.3587632532206348
1.3587632532206348
1.3645869006920288
1.3645869006920288
1.3715191915159226
1.3715191915159226
1.3788378885668933
1.3788378885668933
1.3863391465752486
1.3863391465752486
1.3951264867174153
1.3951264867174153
1.4024497764592705
1.4024497764592705
1.4121031738100438
1.4121031738100438
1.4185122935463448
1.4185122935463448
1.4245066140531915
1.4245066140531915
1.4294724208663334
1.4294724208663334
1.4377976609894456
1.4377976609894456
1.445260077009583
1.445260077009583
1.454403076703451
1.454403076703451
1.4609905459873562
1.4609905459873562
1.4691161792486527
1.4691161792486527
1.477991895480828
1.477991895480828
1.48362136179202
1.48362136179202
1.4911623383543076
1.4911623383543076
1.4979196974131515
1.4979196974131515
1.504958909876086
1.504958909876086
1.5129524022297391
1.5129524022297391
1.5191597958416316
1.5191597958416316
1.5276546997709963
1.5276546997709963
1.5357589671485086
1.5357589671485086
1.5445462022756573
1.5445462022756573
1.5519731613042094
1.5519731613042094
1.558554874631722
1.558554874631722
1.5643839785208455
1.5643839785208455
1.57009426950105
1.57009426950105
1.5783536075685887
1.5783536075685887
1.587009771012829
1.587009771012829
1.5931102376401147
1.5931102376401147
1.6016030035149758
1.6016030035149758
1.6070798712451169
1.6070798712451169
1.614078993438917
1.614078993438917
1.6221302416952195
1.6221302416952195
1.6335965081132438
1.6335965081132438
1.6392188297037111
1.6392188297037111
1.6478281299912014
1.6478281299912014
1.6559572354248577
1.6559572354248577
1.6632288611449653
1.6632288611449653
1.6687252198632163
1.6687252198632163
1.675267985012518
1.675267985012518
1.6820348911922633
1.6820348911922633
1.6924182319435286
1.6924182319435286
1.7020269233615912
1.7020269233615912
1.7095549465070892
1.7095549465070892
1.7170862056440468
1.7170862056440468
1.7220753245387899
1.7220753245387899
1.7296799058935222
1.7296799058935222
1.735466172693874
1.735466172693874
1.7418513573474972
1.7418513573474972
1.74910136894037
1.74910136894037
1.7583991334525635
1.7583991334525635
1.7649063113820196
1.7649063113820196
1.7712521101841603
1.7712521101841603
1.7806496247734507
1.7806496247734507
1.7881533463019157
1.7881533463019157
1.794069198656256
1.794069198656256
1.8000610499719072
1.8000610499719072
1.8051184509621967
1.8051184509621967
1.8126800225325312
1.8126800225325312
1.8213525382157953
1.8213525382157953
1.8279344012975087
1.8279344012975087
1.831381489112001
1.831381489112001
1.8385762968338009
1.8385762968338009
1.8473406259670413
1.8473406259670413
1.8552345227550775
1.8552345227550775
1.8658497836628523
1.8658497836628523
1.8747436446796806
1.8747436446796806
1.8810136848576962
1.8810136848576962
1.8875414969716144
1.8875414969716144
1.8942767379513938
1.8942767379513938
1.9047628690095548
1.9047628690095548
1.912295075840584
1.912295075840584
1.9176405526767966
1.9176405526767966
1.9242486101760181
1.9242486101760181
1.9317351400699754
1.9317351400699754
1.938188282621129
1.938188282621129
1.9438024775251084
1.9438024775251084
1.9512782763893763
1.9512782763893763
1.9581565073980163
1.9581565073980163
1.9662949980532523
1.9662949980532523
1.974363974537175
1.974363974537175
1.9796309734130242
1.9796309734130242
1.9863910592229024
1.9863910592229024
1.9943263104911222
1.9943263104911222
2.0015267235809877
2.0015267235809877
2.00845105357359
2.00845105357359
2.0156483034379264
2.0156483034379264
2.0203419414418504
2.0203419414418504
2.0244910617173546
2.0244910617173546
2.0290916046727916
2.0290916046727916
2.036279239506659
2.036279239506659
2.0413497242360434
2.0413497242360434
2.0521692437400447
2.0521692437400447
2.06117145584945
2.06117145584945
2.0668311777662933
2.0668311777662933
2.0752676689559943
2.0752676689559943
2.082242820117971
2.082242820117971
2.0875807483848776
2.0875807483848776
2.0945678396489646
2.0945678396489646
2.101328118044239
2.101328118044239
2.1092552634209616
2.1092552634209616
2.1185155395238957
2.1185155395238957
2.1268128888164237
2.1268128888164237
2.1287821604641377
2.1287821604641377
2.1344189579978705
2.1344189579978705
2.1460485556975937
2.1460485556975937
2.1554241061183195
2.1554241061183195
2.1616631072186276
2.1616631072186276
2.1671183814864325
2.1671183814864325
2.174561430888061
2.174561430888061
2.1800435153017053
2.1800435153017053
2.1863684085157513
2.1863684085157513
2.194287923580829
2.194287923580829
2.2035940012067523
2.2035940012067523
2.211827800690038
2.211827800690038
2.2178039271162713
2.2178039271162713
2.226892203241293
2.226892203241293
2.2363037255049956
2.2363037255049956
2.2419625022654555
2.2419625022654555
2.248429845103488
2.248429845103488
2.2558084385658366
2.2558084385658366
2.263393749573257
2.263393749573257
2.266999049336695
2.266999049336695
2.276661273326142
2.276661273326142
2.282028004621089
2.282028004621089
2.2917826851888576
2.2917826851888576
2.299556502534999
2.299556502534999
2.3043514763922235
2.3043514763922235
2.310366094110793
2.310366094110793
2.3164507228891438
2.3164507228891438
2.325697389064177
2.325697389064177
2.3339549185616386
2.3339549185616386
2.344583211609862
2.344583211609862
2.350761276849143
2.350761276849143
2.3604813865450907
2.3604813865450907
2.3690543250193263
2.3690543250193263
2.374648923843812
2.374648923843812
2.382741306700785
2.382741306700785
2.390331755450751
2.390331755450751
2.3969494621587075
2.3969494621587075
2.4048643692244993
2.4048643692244993
2.4097338197747646
2.4097338197747646
2.4183099741235443
2.4183099741235443
2.4258571212476663
2.4258571212476663
2.432474220340938
2.432474220340938
2.440549021134429
2.440549021134429
2.4499294395770717
2.4499294395770717
2.454166625618493
2.454166625618493
2.462460331065794
2.462460331065794
2.4696071020519916
2.4696071020519916
2.476568762052072
2.476568762052072
2.4802714082233774
2.4802714082233774
2.486660760427926
2.486660760427926
2.4919287672182895
2.4919287672182895
2.497889097662384
2.497889097662384
2.5037551447083213
2.5037551447083213
2.507820951859382
2.507820951859382
2.5155653123213946
2.5155653123213946
2.520938531539671
2.520938531539671
2.528402269714563
2.528402269714563
2.536291687908229
2.536291687908229
2.5413121345215886
2.5413121345215886
2.5458092012338143
2.5458092012338143
2.55159655518631
2.55159655518631
2.557010975050352
2.557010975050352
2.5652879813298832
2.5652879813298832
2.5734163681465376
2.5734163681465376
2.581110659990446
2.581110659990446
2.5867992201467893
2.5867992201467893
2.595141280382024
2.595141280382024
2.602690940208476
2.602690940208476
2.608800014524859
2.608800014524859
2.61581297946425
2.61581297946425
2.6258925772563106
2.6258925772563106
2.6317161487493648
2.6317161487493648
2.6398442122193497
2.6398442122193497
2.6470409186099455
2.6470409186099455
2.6514287518811788
2.6514287518811788
2.657706715653452
2.657706715653452
2.665271868343284
2.665271868343284
2.6705612918651176
2.6705612918651176
2.6769108467298075
2.6769108467298075
2.68482915921552
2.68482915921552
2.692030983511205
2.692030983511205
2.701324800547211
2.701324800547211
2.7082819548818184
2.7082819548818184
2.717635631862798
2.717635631862798
2.7226763406582237
2.7226763406582237
2.729528052799426
2.729528052799426
2.7355430173805533
2.7355430173805533
2.742979038242997
2.742979038242997
2.7551056496415027
2.7551056496415027
2.761002550062074
2.761002550062074
2.7685618073376643
2.7685618073376643
2.776470829028333
2.776470829028333
2.7849526065058203
2.7849526065058203
2.7934008222063302
2.7934008222063302
2.8022651329175248
2.8022651329175248
2.809932757943822
2.809932757943822
2.8164517159987197
2.8164517159987197
2.8239515425226607
2.8239515425226607
2.8340149462027155
2.8340149462027155
2.8405093226621556
2.8405093226621556
2.8495490672599324
2.8495490672599324
2.855115485456585
2.855115485456585
2.8631628916567124
2.8631628916567124
2.869431631444633
2.869431631444633
2.8754503601352535
2.8754503601352535
2.8805006012026255
2.8805006012026255
2.8900027688430656
2.8900027688430656
2.89836557407075
2.89836557407075
2.9046392442536093
2.9046392442536093
2.911000233528418
2.911000233528418
2.919807679960667
2.919807679960667
2.924626364481645
2.924626364481645
2.9329435298818933
2.9329435298818933
2.939204015582111
2.939204015582111
2.9431989041325477
2.9431989041325477
2.9484608104681125
2.9484608104681125
2.954660559644471
2.954660559644471
2.9614229322621317
2.9614229322621317
2.967788562779445
2.967788562779445
2.9754303122356767
2.9754303122356767
2.9819455145882867
2.9819455145882867
2.988556222024006
2.988556222024006
2.997671626966943
2.997671626966943
3.0032384555056058
3.0032384555056058
3.0092842230994825
3.0092842230994825
3.0154634348279727
3.0154634348279727
3.021836105842934
3.021836105842934
3.0304547101234296
3.0304547101234296
3.037563796986959
3.037563796986959
3.046719171844594
3.046719171844594
3.0542295086001894
3.0542295086001894
3.0649238500718616
3.0649238500718616
3.072109396474013
3.072109396474013
3.07776217610703
3.07776217610703
3.083268788800952
3.083268788800952
3.0915699069599922
3.0915699069599922
3.0995864941277014
3.0995864941277014
3.1065125878070496
3.1065125878070496
3.111323942462224
3.111323942462224
3.118011147158393
3.118011147158393
3.127437358415726
3.127437358415726
3.1352287329036383
3.1352287329036383
3.1412733876690444
3.1412733876690444
3.1487038434445087
3.1487038434445087
3.156652230371474
3.156652230371474
3.1631551388016
3.1631551388016
3.1725633140183547
3.1725633140183547
3.179389735194999
3.179389735194999
3.1872262547056365
3.1872262547056365
3.1953799418612467
3.1953799418612467
3.2022214419096
3.2022214419096
3.212298773464753
3.212298773464753
3.220541678356516
3.220541678356516
3.226070594675917
3.226070594675917
3.233771219269506
3.233771219269506
3.24052129148162
3.24052129148162
3.2477891516157174
3.2477891516157174
3.2555635729296837
3.2555635729296837
3.2660657250685206
3.2660657250685206
3.2730335885461246
3.2730335885461246
3.280716769686938
3.280716769686938
3.2893020596959346
3.2893020596959346
3.2936969772409093
3.2936969772409093
3.2984012755800762
3.2984012755800762
3.3075952528765007
3.3075952528765007
3.3136784847122978
3.3136784847122978
3.319331830363405
3.319331830363405
