0.0
0.0022039999999999725
0.004752999999999961
0.007353999999999959
0.01001199999999996
0.013146999999999968
0.016671999999999958
0.02034999999999994
0.024495999999999987
0.02878399999999994
0.03363399999999998
0.038740999999999935
0.04498700000000001
0.05156800000000001
0.05856699999999998
0.06728499999999997
0.07623100000000002
0.08695100000000011
0.09827099999999982
0.11030100000000016
0.12352600000000018
0.13746800000000023
0.15336400000000006
0.16952900000000007
0.18702699999999997
0.2060049999999997
0.22716600000000042
0.2486139999999999
0.2712360000000001
0.2964110000000001
0.32141800000000037
0.3481599999999999
0.37590299999999943
0.4033930000000004
0.4336579999999996
0.4639159999999997
0.4959670000000001
0.5273470000000002
0.5591820000000003
0.5934569999999999
0.6273079999999996
0.6618129999999999
0.6962079999999992
0.7311609999999997
0.7651470000000002
0.798925
0.8313349999999998
0.8656310000000002
0.9002159999999997
0.9332490000000017
0.9685599999999994
1.0010809999999994
1.033152000000001
1.0667450000000007
1.1003550000000006
1.1332380000000009
1.1651749999999996
1.1983909999999998
1.2300940000000016
1.261351999999999
1.2928179999999998
1.3240840000000018
1.3563070000000004
1.3893200000000019
1.4218510000000006
1.4530999999999996
1.4838439999999997
1.5153740000000007
1.545581999999998
1.5773120000000007
1.607865000000001
1.6383960000000013
1.669302
1.6991089999999998
1.7297379999999987
1.7614290000000006
1.792441000000001
1.823836
1.8537629999999992
1.8835909999999996
1.9143489999999985
1.9465560000000002
1.9780730000000004
2.0094309999999997
2.0412500000000016
2.0720769999999993
2.1039669999999986
2.135803000000001
2.1657069999999985
2.1959969999999984
2.2280279999999992
2.2588649999999983
2.2913780000000012
2.323040000000005
2.35414
2.3855440000000003
2.4153189999999993
2.444765999999999
2.4753719999999997
2.5060350000000016
2.5354559999999986
2.5671170000000005
2.5963409999999993
2.6276980000000028
2.6571280000000015
2.6880580000000016
2.717861000000003
2.7468000000000012
2.778337
2.8094269999999972
2.8404169999999977
2.869722000000003
2.900858999999999
2.931191999999999
2.963094999999998
2.9928300000000014
3.022937000000011
3.053461000000003
3.0838070000000015
3.115134000000001
3.145017999999998
3.1738690000000016
3.2043990000000018
3.2366780000000013
3.267560999999997
3.298782999999998
3.3291540000000004
3.3588869999999953
3.3905790000000016
3.4217190000000013
3.453246999999998
3.483831000000004
3.5137439999999964
3.543148000000005
3.5724199999999984
3.6024699999999936
3.6327410000000024
3.6600249999999988
3.6899859999999984
3.718430999999998
3.747396999999995
3.7766380000000064
3.804024999999996
3.8332829999999953
3.8615239999999984
3.889953999999996
3.917456999999997
3.9470500000000026
3.9745939999999975
4.003263000000003
4.030845999999998
4.058900000000001
4.086733000000001
4.114878000000003
4.145970999999998
4.174611999999998
4.2026900000000005
4.232229
4.260147000000006
4.287949
4.315747
4.345127999999998
4.374179999999998
4.404240999999995
4.432025
4.461935999999999
4.489374000000004
4.518720999999998
4.547781999999992
4.575112000000001
4.605134999999999
4.633169999999998
4.662943999999994
4.692857000000009
4.719636000000001
4.7483629999999994
4.776989000000007
4.805447000000008
4.831722999999993
4.859075
4.888827000000008
4.917385000000004
4.945550000000005
4.973595000000007
5.002606999999996
5.031386999999996
5.060148999999998
5.088352
5.116216000000006
5.143262000000001
5.171587000000006
5.200628999999986
5.228909999999999
5.257356999999998
5.284216999999996
5.3121840000000065
5.340153999999995
5.368535999999999
5.3968180000000014
5.425373999999994
5.453775999999999
5.482442000000002
5.510906000000002
5.539920000000001
5.567122999999992
5.595237999999996
5.622901
5.650665
5.679552999999987
5.708433000000002
5.735689999999998
5.763963000000005
5.791716000000001
5.8213989999999844
5.850859000000004
5.878594999999993
5.907134999999998
5.935429000000002
5.9621039999999965
5.990948000000003
6.018395999999998
6.046994999999996
6.075137000000002
6.103186000000006
6.131193999999999
6.158420000000004
6.185611999999999
6.212885000000002
6.24022
6.267508999999997
6.295170999999998
6.323262999999997
6.349932999999998
6.376793000000001
6.403996999999994
6.431215999999991
6.458642
6.484362000000011
6.511095999999986
6.536992999999994
6.5640140000000144
6.591844000000003
6.620427000000004
6.645454999999992
6.670847000000001
6.697400000000005
6.723509000000006
6.749852999999997
6.776000999999993
6.803250000000004
6.829012000000001
6.854577999999994
6.881291999999985
6.909706999999999
6.935730000000005
6.962397000000005
6.987164000000006
7.014015999999998
7.040205000000009
7.065464999999996
7.091796000000003
7.1194099999999905
7.145362000000001
7.173291000000005
7.199996000000004
7.227372999999999
7.254019999999994
7.2798579999999955
7.307140999999996
7.332621999999997
7.360189999999995
7.384876999999993
7.411948000000011
7.4395979999999975
7.465195000000002
7.490827999999994
7.516823999999996
7.543618999999997
7.569139000000008
7.594890000000005
7.618107
7.645724999999996
7.670791000000011
7.696803000000002
7.722336000000001
7.747716000000005
7.773829
7.8010369999999964
7.8273370000000035
7.851279999999991
7.8761839999999985
7.901610999999995
7.927504000000009
7.95166199999999
7.976860000000007
8.002255000000007
8.027972000000004
8.055126999999997
8.081658999999984
8.107788999999999
8.133377999999993
8.157550999999998
8.182685999999986
8.208875
8.235746000000002
8.261970000000009
8.287772999999993
8.313400000000001
8.339904000000004
8.363899000000005
8.390225000000001
8.417988000000005
8.445185999999996
8.469828999999995
8.49629400000001
8.521897
8.549529999999999
8.575901999999997
8.602222999999997
8.62609000000002
8.65127600000001
8.676022000000007
8.701344000000002
8.725965000000002
8.748883999999995
8.773805
8.798528999999997
8.823268000000006
8.846611000000003
8.871547999999988
8.896432000000003
8.918809000000012
8.943242999999999
8.96884799999999
8.991666999999993
9.014585000000004
9.038726000000008
9.062509999999998
9.084389999999997
9.107104000000001
9.129949000000012
9.153248999999999
9.177063999999993
9.20027899999999
9.224002999999998
9.247537000000005
9.271196999999995
9.297004999999992
9.321744999999998
9.347675000000015
9.370841000000006
9.394542999999997
9.420095999999988
9.445297000000004
9.469228999999991
9.494532000000003
9.517325999999999
9.542009999999987
9.565911000000002
9.590794999999996
9.613933000000008
9.638468000000003
9.662451
9.685157
9.709383000000008
9.733804000000013
9.758199999999983
9.783017999999997
9.80536899999999
9.830105000000001
9.852984000000006
9.877707000000004
9.899425999999997
9.922570000000016
9.945473999999995
9.969088999999986
9.993320999999998
10.017935000000008
10.041362000000001
10.065330000000008
10.087694999999993
10.111795000000006
10.134177000000012
10.158367000000013
10.181774
10.206740000000002
10.229863000000018
10.253568000000005
10.278303000000019
10.303595000000003
10.327684999999992
10.350668000000002
10.374577999999985
10.39878599999999
10.422450999999974
10.448500000000017
10.472410000000005
10.495414
10.519358000000002
10.54264800000001
10.567098999999995
10.589598999999993
10.613794
10.638749999999998
10.663209000000002
10.686107000000005
10.709273999999995
10.731813999999993
10.757505000000013
10.781908000000023
10.80507699999999
10.826784999999978
10.851569000000007
10.875468000000005
10.899471000000005
10.92234900000001
10.947667999999988
10.970023
10.992777000000006
11.016644999999999
11.040122999999992
11.064302
11.088323000000013
11.112293000000001
11.13450100000001
11.157008000000001
11.18139100000001
11.204169
11.229067999999993
11.252456000000004
11.274736
11.297329000000005
11.320618000000012
11.344738999999999
11.367064000000015
11.390823
11.413166000000013
11.436710999999992
11.459854999999997
11.483001999999992
11.505498
11.529745000000005
11.551773999999993
11.574261000000003
11.597884
11.619278000000001
11.643156999999983
11.665998999999983
11.688792000000019
11.712503999999985
11.736516000000009
11.760847000000007
11.783394999999999
11.806195999999991
11.827170000000002
11.85158700000001
11.873652
11.89646799999999
11.919144999999999
11.941343000000009
11.962156999999992
11.984294000000013
12.009068000000001
12.03093300000001
12.055035999999998
12.078185000000014
12.101525000000006
12.122978000000012
12.145406000000001
12.167357999999997
12.189769000000009
12.212083000000018
12.234174000000024
12.257060000000005
12.281364
12.304726000000013
12.327822000000001
12.350666000000006
12.373111999999994
12.397000000000002
12.41939100000003
12.441194999999997
12.462981000000015
12.48559900000002
12.508731999999995
12.53192300000001
12.554368000000009
12.576891999999985
12.599243000000014
12.621552
12.643640999999992
12.665401000000006
12.687811999999996
12.709581999999989
12.730294000000004
12.75253500000001
12.774980999999977
12.797559999999994
12.818467000000007
12.839250000000005
12.860646000000012
12.883032
12.904576000000002
12.92561499999999
12.947704999999988
12.968518999999988
12.990015999999985
13.011736000000003
13.033666999999989
13.056760999999993
13.079855
13.101774999999998
13.122278999999999
13.143953999999997
13.166479999999998
13.188852000000011
13.211237000000008
13.23221299999998
13.254962999999977
13.277705999999998
13.299240000000003
13.321673999999994
13.343810000000015
13.36557600000002
13.386962000000011
13.410564000000008
13.432898000000016
13.453666999999994
13.476354999999996
13.498943000000013
13.521726000000001
13.543630999999966
13.56434400000001
13.585886999999977
13.608824999999996
13.630754000000014
13.653097
13.674543999999996
13.694906999999995
13.716682999999986
13.737759999999998
13.758345000000007
13.780839000000006
13.80137299999999
13.822478999999985
13.846467999999991
13.867553999999979
13.888509999999991
13.908497999999996
13.931010000000002
13.953452999999994
13.974824999999997
13.996430000000018
14.016512
14.038400000000003
14.058743000000018
14.081029999999993
14.105281999999997
14.128020000000015
14.149144000000005
14.172269999999983
14.194535999999996
14.214405000000003
14.23487200000001
14.255676999999983
14.276853999999975
14.299884000000002
14.32231000000001
14.34407599999999
14.365340000000009
14.38773500000001
14.409261000000022
14.429775
14.451690000000005
14.473387999999998
14.493353999999998
14.515520999999985
14.536796
14.556318999999998
14.578212000000004
14.599457999999983
14.620056000000023
14.640081000000007
14.661850000000015
14.682700000000011
14.705065000000003
14.725968
14.747399999999997
14.768772000000014
14.79031400000002
14.811577999999994
14.83466499999999
14.85541199999998
14.876729000000022
14.897201000000011
14.91901800000001
14.939019999999996
14.958854999999996
14.979597000000005
15.000769999999996
15.021953000000007
15.042539999999994
15.065616999999996
15.085025
15.107111999999988
15.128822999999997
15.150546000000006
15.171712000000003
15.19231699999999
15.213359000000038
15.233842999999975
15.255907000000002
15.276960999999998
15.298441000000011
15.32075
15.341592000000004
15.363538000000005
15.384858999999992
15.40684000000002
15.430787
15.450552000000005
15.473149000000015
15.495361999999991
15.518022999999998
15.539977999999998
15.561612999999998
15.58328299999999
15.603639999999999
15.624205999999997
15.647698999999996
15.668577000000019
15.689380000000005
15.710521000000016
15.731055999999992
15.753794999999995
15.77503600000001
15.797592999999981
15.819250000000004
15.840587000000001
15.861624999999997
15.882825999999998
15.90152699999999
15.920574000000006
15.939541999999998
15.960601000000015
15.982949999999999
16.003382
16.02287299999999
16.044713000000016
16.064696000000012
16.086525999999985
16.107147999999988
16.12803500000001
16.147870000000008
16.168547999999998
16.19008300000001
16.207144999999986
16.228508999999995
16.250881999999994
16.271459000000007
16.292878999999996
16.313307999999978
16.333962
16.354435000000006
16.373575000000006
16.396657
16.417063000000013
16.438159999999993
16.458329000000006
16.479534
16.500522000000007
16.521286000000018
16.542903
16.563162000000005
16.58237300000001
16.60079699999999
16.622073000000015
16.64221699999999
16.662293000000023
16.681219000000027
16.703453
16.724626
16.745355000000004
16.767238
16.785401999999994
16.806264000000024
16.82497999999999
16.846468
16.86707799999999
16.88873199999997
16.909513000000004
16.929472
16.950008999999998
16.971192000000006
16.990515000000002
17.010762000000025
17.030301000000016
17.05091
17.072196999999992
17.092794000000012
17.113600000000027
17.135737999999996
17.156517999999995
17.177618999999996
17.198296
17.219032000000023
17.239892999999995
17.259642000000003
17.280275000000024
17.301968999999996
17.323630000000016
17.344958000000002
17.364899999999984
17.38613499999996
17.407659999999993
17.428675
17.44902799999999
17.468064999999996
17.487583999999995
17.508363
17.529006000000017
17.551398000000006
17.571639999999963
17.591988000000008
17.61447300000001
17.633761999999997
17.654185000000027
17.674844000000007
17.694732000000013
17.716516999999993
17.73995999999999
17.761027999999996
17.78133499999999
17.802334999999985
17.822639999999968
17.844225000000012
17.862920000000013
17.883537999999998
17.90193199999998
17.921957000000006
17.942845999999996
17.961599000000003
17.98160099999999
18.00222300000001
18.022642999999995
18.041214000000014
18.05995000000001
18.07746399999998
18.09493399999998
18.11596299999999
18.13562000000001
18.15491199999998
18.17394499999999
18.193471999999986
18.21261600000002
18.230128999999994
18.249626999999997
18.26802800000002
18.288284999999995
18.30830000000002
18.328134000000006
18.34574999999999
18.36444499999998
18.384739999999994
18.40512900000002
18.423745000000007
18.443615
18.46250400000001
18.48299899999999
18.502714000000008
18.523537000000026
18.543447999999987
18.563412000000014
18.58518
18.60515199999998
18.624759000000044
18.644126000000004
18.664331999999984
18.684333000000013
18.70303399999999
18.723539000000027
18.744042999999976
18.76478799999999
18.78414399999998
18.80405600000003
18.823209999999982
18.84300100000003
18.86284399999999
18.881301999999984
18.90218799999998
18.92149399999999
18.940741999999975
18.95923900000002
18.978353000000013
18.999564999999997
19.01996999999998
19.039012000000003
19.058933
19.080425
19.101277999999972
19.121565000000025
19.139701999999982
19.158647999999978
19.17862400000001
19.198455999999986
19.21714199999998
19.23705300000002
19.254811000000004
19.274482999999996
19.291813000000005
19.311062000000014
19.329809000000015
19.347751000000006
19.367439000000015
19.387505999999995
19.408731000000003
19.428552
19.446871000000016
19.464884000000026
19.483545000000003
19.502748
19.52214899999999
19.541380000000004
19.560077000000007
19.578615999999986
19.598138000000002
19.616719999999997
19.637037999999993
19.655303999999983
19.67457700000001
19.69287400000004
19.712968
19.733570000000018
19.75331499999999
19.772085000000022
19.792470999999967
19.813141000000005
19.83150400000001
19.84934800000001
19.86812099999999
19.887676999999993
19.907037999999993
19.925231999999994
19.94395099999999
19.963406000000017
19.982034000000017
20.003605000000018
20.02304999999998
20.040632999999993
20.06112899999999
20.079357999999985
20.097563999999995
20.116331000000002
20.135259000000012
20.155341000000004
20.17431599999999
20.193281000000034
20.210908999999987
20.231644999999965
20.249380000000038
20.269231000000012
20.28860199999997
20.308497000000024
20.32774600000003
20.344968999999974
20.364312999999996
20.385174000000013
20.403210999999967
20.422907000000013
20.44177099999998
20.46095199999997
20.480191000000033
20.498267
20.51577299999999
20.533589999999993
20.55160099999999
20.57234499999999
20.591171000000006
20.609983999999994
20.628821000000006
20.64745499999996
20.665783000000005
20.68610499999999
20.704137999999976
20.722570999999977
20.741080999999998
20.759347999999974
20.777238
20.794305999999978
20.811943999999993
20.830596000000025
20.849495999999977
20.867708000000007
20.88548700000002
20.905609999999978
20.922848999999978
20.93925200000002
20.956526999999994
20.975102
20.993262999999963
21.01205099999997
21.02960099999998
21.049465999999963
21.067021000000004
21.085063000000005
21.104962999999966
21.122453999999987
21.14085099999998
21.15807199999999
21.177181999999952
21.197369
21.215894999999993
21.234046000000028
21.252153000000007
21.271910000000002
21.29041100000002
21.30911799999999
21.32833500000002
21.347362999999998
21.366905999999993
21.38652000000003
21.405059999999963
21.42193100000001
21.440023000000007
21.457891000000025
21.476082000000005
21.494194000000046
21.512523
21.53021999999998
21.54933100000001
21.56857199999999
21.587150000000026
21.605343000000012
21.623831999999975
21.64326100000001
21.660879000000012
21.67887599999998
21.696877999999966
21.715581000000018
21.735037000000005
21.75217399999998
21.771685000000005
21.789520000000017
21.80904199999999
21.82767300000002
21.847029999999954
21.867117999999966
21.884539000000007
21.90376499999997
21.920750999999996
21.9399
21.95887299999999
21.977026
21.99554600000002
22.01294000000003
22.030986
22.048914999999983
22.068892999999985
22.087199000000012
22.105560000000008
22.124950999999996
22.142504000000056
22.161358999999987
22.179904999999994
22.199829999999967
22.219027
22.236644000000044
22.255704000000023
22.274608000000015
22.294849999999965
22.31367599999999
22.332769000000017
22.351293999999992
22.369354000000016
22.389347999999973
22.407910000000015
22.427283999999993
22.446134999999995
22.464186000000016
22.483420000000017
22.503917000000033
22.52230100000001
22.53957199999999
22.558240999999974
22.57763599999998
22.59457900000002
22.611898999999998
22.631041999999997
22.649368000000006
22.666265000000003
22.685409999999983
22.702684999999967
22.72023999999999
22.73839800000001
22.756176000000004
22.774507
22.790273000000024
22.806921999999993
22.82532299999999
22.842434000000022
22.860562999999978
