0.0
0.0
0.0
0.0026545705884891075
0.0026545705884891075
0.004515305773005613
0.004515305773005613
0.006805990607214133
0.006805990607214133
0.008208053556092696
0.008208053556092696
0.010153896055632182
0.010153896055632182
0.012327541006633731
0.012327541006633731
0.014551074568254635
0.014551074568254635
0.017363424489965053
0.017363424489965053
0.020032733737224077
0.020032733737224077
0.022917760269517886
0.022917760269517886
0.025566736225900336
0.025566736225900336
0.027964310502591207
0.027964310502591207
0.03145694471581389
0.03145694471581389
0.034285126694835084
0.03428514852419004
0.037427797507863396
0.037427797507863396
0.041074454945423465
0.041074454945423465
0.0444104854235071
0.0444104854235071
0.047549293592735714
0.047549293592735714
0.05008561319861547
0.05008561319861547
0.05227307240449105
0.05227307240449105
0.05598930948708773
0.05598930948708773
0.05913127447513165
0.05913127447513165
0.062053893598373155
0.062053893598373155
0.0658817272574905
0.0658817272574905
0.06984753724521325
0.06988123363464807
0.07379096956386795
0.07379668303181965
0.07805609784000024
0.07807523772766806
0.08190053131432357
0.08187660275093821
0.08525301877107301
0.08522659677891656
0.08806935047923989
0.08805854436326795
0.09171729974817232
0.09171749145920091
0.09607326517952038
0.09608517148489593
0.10101552522428432
0.10107607129611158
0.1057013509213778
0.1056822926111557
0.1093994101519436
0.10937786358064772
0.11182451318479061
0.11184126647378094
0.11723621337014362
0.117224282143857
0.12256290707538045
0.12257177089793296
0.1267250417466934
0.12681152391275086
0.12898260879185908
0.12900777001319544
0.13149243760487303
0.13156578227495952
0.1372725082750833
0.13722927912532132
0.14043828183009024
0.14033864848342895
0.14446792797451818
0.14455819815637055
0.14753064466475407
0.14759364825964025
0.15219049936332354
0.1521825784863423
0.15828344841821448
0.1583150751271522
0.16390747869300568
0.16424042201992928
0.1692215431348602
0.16950033560333724
0.1752315023880553
0.17564986443653416
0.18034556234966564
0.18045951784972156
0.18561867147020794
0.1857287061459968
0.19177742390867103
0.1921262017510526
0.19737487996786843
0.19756598487282026
0.20216652845126204
0.20234762092461855
0.20983794186602606
0.21015355551409512
0.21334650267959873
0.21350724873020419
0.21863373453025567
0.21905038705300245
0.2244011327740408
0.2246645963205362
0.22983606700002523
0.2299322642026579
0.23454652487890432
0.2349313866075115
0.23938254257462288
0.23973547855818836
0.24395932482397176
0.2449047424534032
0.24863294876132927
0.24877905686639273
0.25344039637612703
0.25344885737917433
0.2596811180146332
0.2610404718126064
0.26694108252212895
0.2681029443466522
0.27406221465410563
0.2758360951662354
0.2803503680166005
0.28041517214214046
0.2859646399091628
0.28761765763004116
0.29398570883003483
0.2959851601615859
0.3022532485153848
0.3033416841863859
0.31066283797347427
0.3120388813199145
0.319356106266129
0.3215482374274922
0.3278959247028074
0.32860252994949796
0.33468468872091955
0.3374298083446232
0.345138206020927
0.3471746019613327
0.35276165640056284
0.3550250381225956
0.3594385443474426
0.3615538342818808
0.37113926706623435
0.37287116936538317
0.38211949913895443
0.38487189434438934
0.3933389278711739
0.39560143764394745
0.4036427723452258
0.4064272215617157
0.41533624277945885
0.4179056985649277
0.42920860701526886
0.43183884764465735
0.44252688985081173
0.4444974564942644
0.4514272985089943
0.45420356398025136
0.4638384263541927
0.4686571440109414
0.47894467468805413
0.483147499450277
0.4923073971395425
0.49495459304184963
0.5057196628120074
0.5073394036029422
0.519183275983129
0.5236167052455493
0.5317934159405349
0.5362070571571196
0.5504876551139426
0.5529978742211435
0.5675910564125223
0.5692546846935602
0.5812826377063042
0.585552759246848
0.5956397265991052
0.6013972133737173
0.6148582637597069
0.6181682537753871
0.6270503882533262
0.6318803901926728
0.6440462113563025
0.6481657381169583
0.6591075909826866
0.6614464079103197
0.676468140138753
0.680424187054989
0.7001022676958719
0.7047932134649374
0.721026211217777
0.7230992282000072
0.7377108306023791
0.7421221916987263
0.756618650608657
0.7617248706594687
0.7727182256912537
0.7761665338440286
0.7939049596729265
0.8006232016312332
0.8171406217922063
0.8223956365691591
0.8456683555076666
0.8471331164475677
0.8643014479092201
0.868441488240513
0.8861341826259514
0.8913853769555224
0.9112938113762689
0.9142368518353374
0.9350228605857257
0.9417452580587525
0.9621695517387153
0.9671318490471515
0.9841449869354694
0.9895781603510023
1.007529115229998
1.0138369080920158
1.0358125789376762
1.0427514370073028
1.06041695733033
1.0651310923079298
1.0815771781881294
1.0845568587451353
1.103767328529929
1.1078117870470179
1.1291472046379458
1.1362448617811924
1.1548131469212395
1.1624723750040626
1.1866170996235257
1.1953216552966124
1.2181857982909234
1.2213693566239427
1.2397901366761463
1.24580863336351
1.2625682971659187
1.2666933593508407
1.2811381569943354
1.2860142600957494
1.3071633468950639
1.3130691938557584
1.3288187078355265
1.3375397894355174
1.3550032171984396
1.361972340382641
1.3864598477522427
1.3923569981356152
1.412338473572675
1.4189375250175773
1.435918994778181
1.4424974325156064
1.4644976199701487
1.470270361083597
1.4845940329505
1.4913038214167074
1.5087176837984522
1.5141106018929653
1.5319597018361644
1.5420659879352598
1.5642528547964922
1.5704476099875526
1.588066943200284
1.594787774134319
1.6120136223956176
1.6191886447861608
1.642690800234192
1.6520938400249257
1.6782214860233793
1.684856765121213
1.7064926566888532
1.7141771174019291
1.7354235643584415
1.7433779247186816
1.7668917642464352
1.7743943588769973
1.792624606861102
1.7989802292666632
1.819479888810035
1.8260485211655975
1.8492906359177226
1.8572494058618096
1.882624059656843
1.8921436590154674
1.9152024833473078
1.9231073485186612
1.9517353152658496
1.9622067195438513
1.9789183721131627
1.9867693515990654
2.0068304074779477
2.0117082665178403
2.035296408161984
2.0414251849565024
2.063256044132721
2.073849843865287
2.1059140513952657
2.1128333737114184
2.1396847697706964
2.1484906299958664
2.1677573493531694
2.176508824354972
2.1995553836168966
2.20704961782135
2.2329620018019245
2.2417366336743516
2.2662337548701994
2.2760300292077615
2.3011711200381417
2.3136412113196525
2.344274269908335
2.353647636083126
2.3771993364381667
2.386266396107773
2.4092544062249024
2.418893782376732
2.4399519010049158
2.449820825347135
2.469566442160628
2.478590581473929
2.497935843797772
2.5081652978574933
2.5282198184008706
2.540636500104206
2.5567839884700407
2.567915772820634
2.5908803757823753
2.604186086738075
2.626625512527492
2.637646750623627
2.6595351580113378
2.669502874103728
2.692522293785151
2.7032786310071066
2.7211739288210888
2.731156961455187
2.7553148571840507
2.7665922461876713
2.7881336922163444
2.7968100907660167
2.8219120242762297
2.8367111721660954
2.857225615717813
2.8683848090250312
2.888209718833671
2.8971047585400935
2.918192466212178
2.925072428065101
2.9505872389649532
2.956907651977807
2.9795819928134697
2.992087097267696
3.0159917665716907
3.0269488543283756
3.0530496675773082
3.0614548292858133
3.082288345927369
3.08839521714683
3.1103950629035952
3.1141396344778625
3.134035539635515
3.1389368290744453
3.160666326309367
3.172819579900505
3.1972002862616384
3.2059890343120796
3.225969943759795
3.236638862523735
3.257580395625259
3.267327114900546
3.2894376434856136
3.2975327733439777
3.3243157192709547
3.3343397114673743
3.359195276966214
3.369352303996342
3.395150181732886
3.403032328270086
3.426468975576371
3.4382132277447006
3.45862969648963
3.4672598221063704
3.4863481714120104
3.4907583269647735
3.5076724899260663
3.5184849893498833
3.5366124751109496
3.5412390856472045
3.5585312009049277
3.56944741425821
3.590680267124555
3.602257094612966
3.6212217147052814
3.627067144048541
3.643578012876127
3.650913078695723
3.669799545616137
3.68102178218632
3.702769346697518
3.709957136678047
3.7324244524428263
3.740096012912075
3.758547881238077
3.766790594629585
3.7859055197352465
3.796791044970874
3.8132083784187003
3.8221781156485455
3.8495401087846437
3.8586860282483184
3.8795220764265452
3.8926609013567472
3.916364972558698
3.9247464505512966
3.948404463267009
3.956792991993188
3.976464216199762
3.9881877591126575
4.014863013836235
4.026053872935173
4.046779731465566
4.056978976327313
4.079609547530072
4.0884592415418215
4.112274669212869
4.121676097257422
4.144268416427541
4.150493813769838
4.1678548935190225
4.174572979514488
4.192260219214513
4.203369657252099
4.222626996627489
4.230769480838347
4.245197949556546
4.253630805051159
4.273900554542893
4.280330328458077
4.294055422052425
4.3004135593376525
4.319203610648654
4.326827898812891
4.344157551675752
4.349823267120143
4.368494364691942
4.3775770085986965
4.392264623163555
4.399200474417723
4.4179346344329256
4.428008447091656
4.443962977213569
4.453936914260863
4.471330994876212
4.479388980508839
4.49732963265703
4.508444459036327
4.5220949167160045
4.531876983852365
4.552501694608248
4.562125334052887
4.581744351754623
4.593179784781341
4.609285260428591
4.621737597719596
4.635716073055431
4.6487630908358195
4.664161918226671
4.676365519328499
4.691224533976144
4.701504300387304
4.719337516676308
4.729691055807726
4.7464182040333895
4.756833371864493
4.775088989042453
4.78559096023801
4.799650103799593
4.810383706054781
4.8277162637133175
4.837184972634895
4.851744996419882
4.865911097909107
4.886228518839886
4.899157536584682
4.918993861026845
4.928969560012253
4.945004898209795
4.9566933972091425
4.97421900429043
4.984280536581691
5.001830991185721
5.0127683751510475
5.025167619920742
5.032970878750464
5.047239280720513
5.055516847028726
5.071431683647887
5.080135599034534
5.097532165368632
5.108994129522945
5.124827705344535
5.134142769434701
5.150316101001193
5.162068712083806
5.179482616801862
5.1867453700589685
5.202131414956886
5.212442547180739
5.225517164082648
5.231654510468257
5.245971600066457
5.257261085362935
5.273362436814574
5.282633085804056
5.300878984771214
5.309622034355468
5.327235504410337
5.331522505948638
5.347091527696809
5.356517839705921
5.373763905645327
5.38432361691084
5.399591502949298
5.410283112519965
5.426669873910151
5.440107971710299
5.453983688213981
5.463887152537595
5.47901022090481
5.488428779014599
5.501800316886714
5.514065713323643
5.526849273073288
5.536537771893641
5.551453035849268
5.558011136668489
5.573238712537072
5.586266872867121
5.603264249364438
5.611437935588947
5.6301394641864935
5.645018638899069
5.66780869722325
5.676730678312615
5.691828492304064
5.704970620562979
5.720568973921358
5.7310071746251445
5.75022292475289
5.755858479892577
5.773425148978984
5.780996365287845
5.800538804067325
5.808256276379785
5.824991206863683
5.832730336264063
5.852005346707955
5.8594629839571715
5.8737235121556415
5.885328055503774
5.89673770401761
5.904676900436514
5.92256469788912
5.933711157440745
5.949704645511835
5.9592962514779195
5.976144011351749
5.9874429308299355
6.0054094198439065
6.014115545662843
6.029852197707397
6.0383587060118185
6.056223974808931
6.066183193437395
6.078572419623922
6.085818826471794
6.106167434164068
6.112509763152139
6.12548459411016
6.13244735257752
6.151705876338984
6.163541764571543
6.184893599778967
6.193904622306296
6.214049316848624
6.220938651640577
6.238175524778868
6.246563962222926
6.26595502419238
6.276291373428842
6.293569277447339
6.304734516973113
6.323011694575971
6.3303455438118394
6.344948513748261
6.354172010725616
6.369744254908893
6.375165830299639
6.391813613211977
6.405070142613028
6.421189745744457
6.430120936684846
6.444785811532495
6.454325273874848
6.466993246879518
6.47448690739329
6.4905241197779056
6.49619610672986
6.51382187006198
6.523286607263839
6.536795481349621
6.5472908784500845
6.558943015097352
6.569923366152983
6.587339173872052
6.597959512844439
6.613232211912432
6.626048085098366
6.638156720218968
6.651471626593082
6.665021771181953
6.675720461600053
6.689167756623781
6.696738160997473
6.714068357027526
6.725362292992691
6.741717290952779
6.752701579184737
6.768185349173927
6.783505854590471
6.7968279531355345
6.808389991662112
6.826813473721428
6.841230604971609
6.854501476329523
6.867728612901878
6.884201123126369
6.895087586162478
6.9078582622748606
6.918947852335003
6.932476302686656
6.943856338292206
6.958894885768959
6.969164057899225
6.983896414515121
6.99721062884474
7.005473226827029
7.012464037976215
7.024459749003849
7.037778747293091
7.05353989864398
7.062959882227392
7.0729678243735
7.084738079609076
7.0991576862646095
7.108707714502112
7.121161610172343
7.134376396529385
7.1448322467195
7.155456640855211
7.169136397711831
7.1779730453985495
7.189849031177181
7.203864167195521
7.215066820897787
7.226348123621061
7.2398442472649815
7.248410853598297
7.262502564492434
7.27046578111432
7.278612908956259
7.288220818646826
7.301549341189124
7.3131776547267275
7.325268158963015
7.3349997052868945
7.345516011177701
7.359376178761501
7.374083663353426
7.386477546986209
7.398110704102206
7.4118256354370375
7.4267411579939395
7.437198463575945
7.448845427037044
7.46139053094284
7.474821577985543
7.4859449330620516
7.498424479409465
7.511286044271329
7.5235594431673025
7.539226844180164
7.55232907342199
7.561137366518289
7.578633766883319
7.5870456236964925
7.59970445624553
7.611435688979494
7.626800907652387
7.638692807988031
7.6523127534314614
7.660250386622041
7.67216691732313
7.684392064149317
7.703266009408536
7.716345802729962
7.72944005022405
7.742898821460952
7.760531805162665
7.772662373120496
7.785097779936072
7.798303376646461
7.813035039209798
7.829406367285933
7.84912314671094
7.863648941985006
7.875355141016871
7.887763880354486
7.9030722942405776
7.915669544819782
7.92859382098988
7.938739445693501
7.947926759286327
7.962293622939339
7.973783789987351
7.98811822448514
8.003078326246984
8.01426319303897
8.02694276018406
8.039641243518723
8.052944953624863
8.064435650564468
8.075861906921663
8.0924425527105
8.10564553706156
8.115945746015402
8.127616414166308
8.137347898034388
8.150063301588492
8.164278282255115
8.175566754128212
8.190360196537343
8.202624302923606
8.218163330241296
8.232235641898995
8.244416909842235
8.255685633567342
8.27034408768644
8.281931580455426
8.295990544165013
8.304824918253983
8.315641169612126
8.324718969383834
8.340537334059487
8.354502311814917
8.369725603665486
8.379636925591488
8.391464108378633
8.397716490415617
8.410212692188397
8.418559361362611
8.43321467095289
8.44219581867488
8.455309337025303
8.469615224645608
8.478603652348367
8.488379187591507
8.499470992696136
8.511723994609675
8.526754922494472
8.536450261833766
8.545377336820179
8.554731420547155
8.566182503031206
8.576997263581587
8.589233293148245
8.597494362399221
8.609194377717197
8.622105987803083
8.635474284816189
8.647725586126642
8.659539652176777
8.668760848328079
8.676121412680885
8.683526834684166
8.693741914123136
8.705153759737515
8.716426174370858
8.725629031390113
8.732715828117085
8.74199866250478
8.752991490157099
8.760841433781476
8.772319429533646
8.78614611870628
8.797859028243932
8.811056248012452
8.818897844367228
8.833515067885479
8.84852043856526
8.85944281783122
8.868243129820872
8.879716701961248
8.887723971805398
8.899344322360998
8.911534603720357
8.922244175859564
8.9322633401225
8.94477771526273
8.954554288018029
8.965484340531225
8.974858918075297
8.987464812106776
8.995838291843443
9.006199776573474
9.016714709206326
9.031416083598055
9.042430361280019
9.050364931605017
9.061877703942125
9.075137140793105
9.084184269591026
9.09299254319809
9.103576250388462
9.118623878118253
9.129720076760348
9.141067980522205
9.152775406098888
9.162073662185737
9.17539018632072
9.185222472995434
9.19487934359433
9.206387826621226
9.216153577815595
9.228160644236256
9.238022036845859
9.247895915934452
9.258110044598306
9.268033940674055
9.278610262288286
9.292676159708956
9.302109226219535
9.314714136376493
9.319790055858489
9.333286066897642
9.346018205740704
9.358661586872726
9.367803118824208
9.383426423252223
9.395648807404537
9.409805833722467
9.419733464661125
9.433529854689596
9.445757128091042
9.458231491244856
9.466876699382532
9.476151968087661
9.488548723917308
9.495533795420645
9.502249443867315
9.51582026434315
9.527426573557069
9.540069407288442
9.54773907922105
9.556148263902816
9.565095862400394
9.579746740566126
9.589169003452037
9.601763642090653
9.60822400827011
9.61739503109913
9.627515573493891
9.63625008745114
9.646178882971386
9.657482188270547
9.668392591130193
9.677410134646106
9.688877556358054
9.698270439039097
9.710260487037779
9.719791478432468
9.729631851563374
9.742080671265665
9.75285926561648
9.765639833970281
9.77868517271517
9.78940575010345
9.798977344681084
9.808453117641841
9.820323990557887
9.829222201155877
9.840744956301137
9.847316451793443
9.85947975550975
9.87131632477577
9.885401806192952
9.8981525386349
9.905906722872487
9.913480411258098
9.92458066082668
9.933326215193498
9.946690681936783
9.95552801730462
9.970732841439569
9.982411442215463
9.994474634757417
10.00137193106661
10.014311516107636
10.022790358339668
10.038151548895563
10.048382580797965
10.058477169572427
10.065990773638168
10.075203779531543
10.08596469982849
10.094421279141596
10.102058079728687
10.11422655390696
10.12711720141519
10.138077238853949
10.145995084537487
10.154721117751222
10.168749597932694
10.181713093041841
10.187373223023995
10.198453142099368
10.208194577716238
10.217642808100289
10.229561954898765
10.24096096421211
10.249970223969184
10.262077378610678
10.27053759827788
10.279405233225134
10.2870003502733
10.300207758729295
10.309874332607116
10.321225908950344
10.330816146057181
10.34285293357943
10.350822310881131
10.360658242650587
10.37322757287024
10.385732770428318
10.394472474805902
10.406761058478725
10.41721691412746
10.430590985588235
10.440698949856118
10.450763141007283
10.460211994268638
10.472051296662887
10.482686150902513
10.493733452318578
10.506693864963966
10.516982733317857
10.529788058685027
10.540063018000374
10.548321885117872
10.55797468757982
10.569767732537716
10.578977694078382
10.59083147472035
10.603331391358315
10.614846356319925
10.625162636677294
10.635290431086805
10.645937185326975
10.65466954400999
10.663922900839184
10.674874444834547
10.686013319281262
10.695991523606597
10.708623963955576
10.72070441526884
10.732844243770181
10.73761063621625
10.748943634237646
10.762308306523577
10.778704251827278
10.789069446082973
10.80287967972823
