0.0
0.0
0.0
0.002602897855993622
0.002602897855993622
0.0050056306615840875
0.0050056306615840875
0.007108336724931266
0.007108336724931266
0.009255130345105743
0.009255130345105743
0.013498172771370328
0.013498172771370328
0.017492008336919686
0.017492008336919686
0.019564913845190362
0.019564913845190362
0.024919081942178727
0.024919081942178727
0.027096716244244066
0.027096716244244066
0.031654378762333214
0.031654378762333214
0.03307085561174319
0.03307085561174319
0.03502568065887623
0.03502568065887623
0.035137339214413525
0.035137339214413525
0.03879907553305729
0.03879907553305729
0.04119809522566467
0.04119809522566467
0.0428116792515083
0.0428116792515083
0.04542991226412587
0.04542991226412587
0.051010014264731354
0.051010014264731354
0.053700462906174584
0.053700462906174584
0.056244182944283204
0.056244182944283204
0.059117337222656385
0.059117337222656385
0.06273078975036335
0.0627751654583114
0.0687798141650499
0.06880136124542051
0.07523423850739326
0.07519039969788426
0.07953641965893085
0.07953641965893085
0.08282064660346229
0.08282167756424558
0.08666895415189096
0.08665021021833973
0.08956224421320484
0.08956319133761673
0.0925886329026151
0.0925886329026151
0.09937503774060263
0.09937503774060263
0.10514265624910897
0.10514265624910897
0.11163976164296982
0.11168457238690029
0.11491767911199066
0.11495091221264106
0.12026381917011154
0.12025511119240541
0.12585107001293436
0.12583450718791517
0.13071878878258317
0.13071724319518305
0.13644333240845247
0.13647724087812987
0.14129540648172437
0.1413589881853917
0.14348604508971416
0.1436698607244982
0.15091427795860754
0.1509331177756136
0.15655839091323523
0.15672633610710524
0.1648566378686061
0.16512845132291018
0.16864685748127398
0.16883625140143602
0.17656253413373374
0.17654992068149475
0.18056499970898499
0.18058826611936918
0.1861782664863944
0.185975161393628
0.19331460728373484
0.19317379434612458
0.2012766202103372
0.20136904317680296
0.2091305983459207
0.20965952898543788
0.2161806359178454
0.21625223732573817
0.22254804799548217
0.22297394841673934
0.22471930713293575
0.2251341645659634
0.22883282305698446
0.2284513876722748
0.2365682795331618
0.23686428708706814
0.2470206625566455
0.24746645163333097
0.2538605278225048
0.253301684789518
0.25159586076152374
0.25162256094871666
0.26265758348542984
0.2625388653080523
0.2722896735459686
0.27311324476695026
0.27875224945844435
0.27995881126607103
0.2873197371026345
0.2872855905135575
0.2919811229884568
0.29225747783824246
0.3030137474783041
0.3029262888888078
0.3136649202907072
0.31375975397856126
0.31754319611296483
0.3178741904716529
0.3223522065506067
0.3237668802192059
0.3306446826169401
0.3313162743344756
0.33924237695258536
0.3403523395731896
0.3518585564052088
0.3513053104135067
0.3638484237682868
0.36479724533058283
0.3673181815753948
0.36824189867093843
0.37755706350703006
0.37837038396081585
0.38751340604337764
0.388779544843525
0.3991241382231399
0.399401139272495
0.4053670066803623
0.4060387966412601
0.41068781687439887
0.41042707333834166
0.42116356511984354
0.4217509976012211
0.4285520039811483
0.4296649744331936
0.44293605931225055
0.44526081907655496
0.45023061013280186
0.4497791868468798
0.45895616162718517
0.45922076489209734
0.4726195803680887
0.4721506033979626
0.48293311716933207
0.48382195408234807
0.49669342488761037
0.4948664422512753
0.505973244823409
0.506457119950323
0.5131890252918422
0.5146617388552708
0.5200093794280157
0.5220336318674551
0.5320721502919206
0.5327239126254567
0.5474375753057105
0.5469690797931523
0.5502594600806173
0.5531606726797456
0.5632903606843196
0.5643380316524694
0.5725520474184224
0.5737534330535413
0.5817346278326777
0.5830255371906707
0.5944681933852373
0.5973929696517926
0.6061351511931091
0.6077281755119484
0.6214649328532508
0.6239676233944378
0.6337240770127378
0.637025913373058
0.650106732512311
0.6520852768924155
0.6668269813306251
0.6670584399639098
0.6725982791190004
0.6748492607115357
0.6880068366389318
0.6947230803190378
0.7065899332836021
0.707897787863435
0.7180784184795473
0.7202091448259116
0.7369064580033298
0.7427102443147936
0.7574559200121445
0.7599054311875615
0.7689799870727153
0.7685453798446578
0.7772757492622556
0.7769653430774104
0.7821441541688425
0.7840634719381904
0.7924887527338853
0.7944543377869444
0.806348230695762
0.8073595147746482
0.8073359978728581
0.8078442767598389
0.820965103996132
0.8228046916365203
0.8304661404679521
0.8294307334103049
0.8405075887857166
0.8437578081922149
0.8565429344317205
0.8589967774677812
0.8724917513537979
0.8772870772335278
0.8895971833109855
0.8930348700687055
0.9089472786344243
0.907959052536859
0.9198089726221047
0.9219006279765067
0.9316844039836685
0.9332501632052913
0.9369834037053854
0.9382813604085422
0.9522972398786164
0.9534765578142783
0.9643665335935365
0.9680380910760454
0.9805965468182491
0.9812716100360007
0.9884607483352112
0.9899147903848549
1.0056972190106088
1.0071260203118322
1.0110437918407527
1.0145060684981257
1.0240010702809195
1.024243603727975
1.0346936587666204
1.0370207774061018
1.0493770682607941
1.051319119501551
1.0680815189911077
1.0706495523126258
1.0835256764998276
1.0831569579641043
1.0882534051819532
1.0908417502560168
1.108103178415286
1.1117364302048671
1.12003445647336
1.1246836403881089
1.135683948109379
1.1401590337937197
1.1635656709102993
1.1694334827115453
1.1758712910653801
1.1758834399655325
1.1963615934125154
1.2027653378948902
1.2119152946596683
1.2144513910173564
1.2250681151330483
1.227953440818874
1.239373543286247
1.2405076401773152
1.2584583331725532
1.2583597415274494
1.2751883703829163
1.277316757387131
1.2911008409333513
1.293622260559729
1.3061590494044824
1.3063059457535613
1.319435189508608
1.3199465658693217
1.3369942624940323
1.3405884993532655
1.344980077307491
1.3468757953104429
1.3562357547452752
1.358125001525345
1.367714765631081
1.3702574872936308
1.3829627317784492
1.3867880492753046
1.3986169782843496
1.4004095375122085
1.4157625536763976
1.4180103570504927
1.4266104620594122
1.4276557295034404
1.4416170051975363
1.4447244104126133
1.4536876377913714
1.454909755577579
1.465735718134978
1.4672319142937145
1.4806012073994128
1.4840323042726231
1.499364762184611
1.499989524300405
1.5137986105068173
1.5157713853630526
1.5358261599962495
1.5381742078547487
1.5486022680015448
1.5533970718616508
1.5669402799815824
1.5718894514197834
1.579889659896623
1.5804500721488681
1.5914546361835011
1.5938037694047615
1.6097306680227441
1.6137097245446883
1.6217671131565567
1.625689459986619
1.6364584587855906
1.6406470152769526
1.6564065385191884
1.6574219272750605
1.6664190209762537
1.6662665316593006
1.680503523254723
1.6843823513097635
1.6958657809593112
1.7001003421034768
1.7102128632994567
1.711922850116202
1.7219679504451224
1.724553419604283
1.7376404407667696
1.7412860339035579
1.751277564450829
1.7559855009389045
1.7652883723404
1.7679242016283623
1.781138344819551
1.7851841221278721
1.7952733660790425
1.7981747257997989
1.8053288175434627
1.8056032837580283
1.8143019497379582
1.8158559885731862
1.8304326457148263
1.833355477098607
1.8387057667099955
1.8379332987466286
1.8534887845862142
1.8577925929153691
1.86477145475383
1.8673894743664932
1.874735591558468
1.8785384547374813
1.8853381529049738
1.8868936375711935
1.8915355054840872
1.8951536923145655
1.911141824776445
1.9124647297891513
1.9161511543169256
1.9164730457406358
1.92384487838008
1.923753524623919
1.9350168974608197
1.9360992393649157
1.943705024064126
1.9421565749276644
1.9483828546103519
1.9500999692280463
1.9616620613640519
1.9633348410386229
1.9681732798538536
1.9701245448731022
1.9777573814398504
1.9769461129240704
1.9857977524224344
1.987258616531281
1.995756579103639
1.9990080093790072
2.0003395901215613
2.0025384895304494
2.016360959401493
2.0175619983054127
2.0284119998009014
2.0328098031991515
2.041520488207841
2.0450686752430465
2.054986635461422
2.0579503847881546
2.0718423192356656
2.0758419270802526
2.0837688861805477
2.088599550554869
2.0922464632945847
2.094101242793582
2.107317925605483
2.112903409557164
2.1285550812482104
2.1280688409450788
2.1389678140831174
2.142669421037774
2.154286268468863
2.157192378443064
2.162799562552277
2.1644289886951005
2.185910713809876
2.1912506252926875
2.202540599847184
2.205004058209024
2.217969266272367
2.2194471068373014
2.228090985219929
2.2308481437714525
2.2424528390548524
2.245904102796658
2.254496897925615
2.2578315243998235
2.2675930278777177
2.270280830055374
2.281875443376534
2.2820463610988835
2.2920146068979967
2.2978060507155433
2.3141686416559697
2.317771138337168
2.320557497378968
2.3199917953957137
2.3273742361876035
2.330450090410993
2.3426566860304914
2.346107765192629
2.359049766752834
2.3641998815779504
2.3735561130370746
2.375586215751571
2.3896905463502343
2.397623635089727
2.4122127655615544
2.4153179441899373
2.423417621840477
2.4277508705197466
2.445565715326148
2.4464864779364075
2.4549764936694336
2.4600439959478475
2.4718770608319844
2.475343773828933
2.483558795943021
2.484460031560977
2.4909859217783916
2.4926816284658786
2.500130253379605
2.5081948882159195
2.5225367730853843
2.523748629771905
2.5310252848340014
2.533078339961926
2.5400423346481316
2.5456375983534003
2.558350399030523
2.560181944444512
2.5732420793976023
2.577370399125306
2.5842482411620926
2.5863205612122817
2.602027421695526
2.606041587983296
2.6213080353361202
2.630792558787627
2.63444607091458
2.6382798867113935
2.6498654794164227
2.6538192536640386
2.6708736610376094
2.6786780434186572
2.690909343211456
2.6953418912412586
2.7080906368947666
2.710468366798823
2.7205110967064945
2.717018330622137
2.729258738534085
2.734755111231895
2.746950489126142
2.7465221788239815
2.7598761762169217
2.7651945722299414
2.775098591870799
2.7769337678198314
2.784556656239063
2.7923480227712774
2.8042265181201564
2.807012601781017
2.8198468525151306
2.8256522213893205
2.8336008855805526
2.8341783579046638
2.8429884641020893
2.844827109558325
2.85582127479893
2.858643651270514
2.8741884807492246
2.8749060599868335
2.883212445112033
2.889803394595747
2.8982523329258703
2.901343663245942
2.9186330010480486
2.921298238253199
2.92756025217891
2.9311384047284688
2.941686414532267
2.947220748788538
2.9487161149931405
2.953155732958335
2.96185998916145
2.9651281521585666
2.9766370185058064
2.9804656233056295
2.9851251540269654
2.9925589124072163
3.0136044620407403
3.0172755577058696
3.031928349111299
3.0405328197827557
3.0491573363103592
3.0531761605066197
3.061529256768774
3.065708786852063
3.0760304560034166
3.0816310869065084
3.090965379045156
3.0976253880388067
3.1091900876624896
3.11105886020943
3.115398050449166
3.1225056968873286
3.1365951842390696
3.1416722483542334
3.1467077142496302
3.152534753504757
3.166887273920088
3.166922316526576
3.1758072404533855
3.177868697867645
3.188285612899538
3.19196670895795
3.2019396821031676
3.208201952065883
3.217878755698967
3.219976980991139
3.227900641203524
3.2304474216005286
3.2347679487146257
3.2377842348945776
3.2469142594122955
3.2498955811412475
3.267205238074718
3.2746778921743687
3.2828524859705595
3.288373212173071
3.298235667869368
3.2975280441242023
3.3086900923709774
3.315247190355569
3.3225700862664613
3.3283663292762595
3.3418178996438095
3.3443451387421503
3.3587605783646177
3.364534387629972
3.3801729263757023
3.380383546108115
3.386142371189888
3.389382580804523
3.3981940277036493
3.399233281968295
3.4083559405364987
3.4114275947554398
3.4153096061937216
3.4156535446005503
3.4264544208623042
3.43054438403671
3.4423886531261276
3.448133455090519
3.459320863439871
3.462933962304882
3.471061537849338
3.47336121209489
3.4855732472174896
3.4893198590526175
3.4979887503210465
3.500660382163421
3.513392673006785
3.5187825996457027
3.5277661026248777
3.534317052794756
3.54729032694883
3.553354885420414
3.5620992344334703
3.567220792222946
3.5743924623944565
3.57162062439127
3.5841306283373906
3.5840703652906547
3.589873235246131
3.593207019022594
3.6028603321136052
3.604838624100766
3.610611784010993
3.61150199433804
3.6193889868703857
3.6214843964394596
3.6313438100876843
3.6346144653983727
3.649156986847714
3.6502449526252603
3.6618660690597475
3.666752591971298
3.669762541992012
3.6734390700231825
3.684447622373933
3.6839673884696413
3.6896730755981997
3.695439378577234
3.7021451414830095
3.707566650386625
3.7206728547125123
3.7214667925767273
3.7274067753967564
3.73048952414839
3.7343943171177174
3.735425020109619
3.7456883231736433
3.747510936767487
3.755684160755798
3.762756604529414
3.773293647210376
3.7782769453259366
3.7902870293040616
3.7949575461133493
3.8019863257307764
3.8068389447212923
3.8171223583370075
3.8224202191498144
3.831441488189877
3.832468223498156
3.850036648631042
3.8540196217479084
3.8653969951011202
3.867390249651406
3.866701816886505
3.8685991947728224
3.8721472054134565
3.8772117009724196
3.884933038345684
3.887296520873345
3.894636964072685
3.896320758157944
3.9052775974984444
3.9078666076433035
3.9182581000538867
3.9226561663849457
3.923896296522796
3.927985593291023
3.936743212161215
3.939731495865134
3.95202895382829
3.9508351144502325
3.958584356840731
3.9648145789234857
3.9676107834626437
3.9726116809778884
3.987711255581896
3.990307682004471
3.99324029030272
3.9943084487504463
4.001193516652079
4.003862956510321
4.013487056465555
4.017545571942481
4.025480053361632
4.027902060698606
4.040290112079324
4.040232813890394
4.048210915091263
4.053387554474425
4.05805327555305
4.059599431790278
4.07493027758663
4.081573626402403
4.0888611549836
4.092779182664821
4.101168254075465
4.10461382795546
4.116916241040019
4.121944494774475
4.123719790787017
4.126375659643137
4.134689445545875
4.139389118029976
4.149335664207591
4.155686730938877
4.165892790522994
4.1721665440966405
4.186331715147492
4.1871892076156625
4.189665649113328
4.192766228045211
4.1977263717292885
4.204443713217319
4.210999215863246
4.214706622070037
4.228010581006788
4.233323330598841
4.247086707374942
4.2501347251625825
4.255245409946937
4.256409159471811
4.266396437756913
4.272433645222417
4.282619508512911
4.283073748766829
4.294530318966049
4.302396061966129
4.314599844975123
4.321891248119182
4.325186513765319
4.326060391646403
4.333522709689017
4.33675084416832
4.351938319111237
4.355257517886624
4.3715487269262425
4.3684469659979115
4.376684291184456
4.376152993790955
4.386050124308551
4.388492802809013
4.4069147021607975
4.413623332681711
4.4193207563693555
4.419324601453222
4.426813841607273
4.433352347115079
4.448287596845431
4.453453702386575
4.466871188626774
4.472308388999147
4.47842185222502
4.483706355451101
4.492803310408787
4.500265242882977
4.515785152612398
4.517851982391087
4.530126545075109
4.537617006430254
4.5511465396112065
4.549753630991844
4.552116603623366
4.552609040632899
4.5614277830923875
4.565247190543461
4.581554916908443
4.587844132648754
4.602343751958219
4.609797757675351
4.623209519278101
4.624229087427145
4.628346036629442
4.628681966587549
4.638490935517506
4.641332076407383
4.646328868410365
4.65084382122307
4.655383949054398
4.655843075403768
4.665572661736655
4.670871487316349
4.676377300480506
4.679840152704992
4.688968951338911
4.692176313315986
4.705396622414609
4.7118348142637725
4.725181972185928
4.729387045546614
4.738963086242892
4.7413486432161855
4.7487319017013885
4.752292806429398
4.759951370344858
4.761470054938785
4.772139107697111
4.778625675461294
4.785327219139625
4.790488015837744
4.801280425544902
4.804685582581819
4.818376675256032
4.8194980165021635
4.826559235553781
4.828640313510621
4.8341346734094515
4.836738683947185
4.84712571502953
4.853860357977511
4.860880343193762
4.863411346084325
4.868008567843345
4.8723660207683706
4.880420075526633
4.883080910165041
4.888589180060281
4.893977752828769
4.903023374188168
4.902114226761008
4.906384819245671
4.907927508140726
4.912426523007281
4.917591562393683
4.931237276250639
4.9340373658959535
4.947968326370225
4.950511140244602
4.96200212948281
4.965680397134526
4.966949435372785
4.968509159072929
4.985666533136173
4.990654561599204
4.998813865060144
5.000675958308984
5.008447184474366
5.012803945130197
5.025181320092723
5.0299858146149745
5.041178416588952
5.045188399716171
5.048556648549176
5.05154364072661
5.05753337513123
5.0626211393702505
5.073335656674416
5.0759284544824945
5.0814005883143745
5.085402687679876
5.095663715760689
5.099397253447412
5.107095465651678
5.116892447988268
5.123461495998708
5.128770673047225
5.138420151680071
5.144347098397429
5.1478448403902455
5.149855071590961
5.155842231279446
5.161344141770873
5.171514556173393
5.179843916817194
5.184377159265236
5.19065705366813
5.199113244653576
5.2051109731975815
5.211740398349072
5.213970084103108
5.21556964415674
5.21966588100329
5.231452753949906
5.234932788914985
5.2432885864040015
5.248256126123472
5.252846893168529
5.255231507017868
5.2621167619637745
5.26776585665945
5.275897558337268
5.278517909775631
5.285566565508355
5.288885776504688
5.299280640709174
5.304183025600392
5.313656153366388
5.319911052940466
5.323940211841765
5.326477425432025
5.331831394625176
5.33821456205256
5.34437313268657
5.3484644875059
5.356618483584689
5.3604193990650675
5.372688221592821
5.377274197986895
5.384839814202164
5.392961131141248
5.395847089105779
5.400747893955861
5.415275367728747
5.418061787031669
5.429385271551305
5.437599657737944
5.4446137607535885
5.448099433190605
5.453931063536842
5.461662378434349
5.46917409810134
5.477601632186954
5.487558447013123
5.49064185270277
5.499556136840628
5.501739553635943
5.508960959128801
5.514660666300978
5.5211416449068675
5.5261030516661265
5.535966679406065
5.543341892673814
5.558580526799273
5.566053874305592
5.571734814408282
5.57668850637641
5.593126541615711
5.601385293766562
5.608844953281519
5.6120979697779685
5.6291697947029835
5.634498649318741
5.641503080053279
5.646027637464657
5.659764079877236
5.665901550730903
5.6768320832005195
5.68325524065263
5.695131454940276
5.704071644787851
5.7240848920101675
5.733926540653842
5.743176973266889
5.75387112621149
5.768474534542376
5.772113293311188
5.7828803784016
5.7937246367894355
5.81577924148839
5.827370919115607
5.839000948452256
5.84877616496099
5.860134009324232
5.863337874051597
5.878211643335772
5.888787124787942
5.907025294666322
5.915178237575222
5.920296451160837
5.9226503321447
5.934316513598246
5.943157444108876
5.951622999657143
5.96892336206967
5.985617832769829
6.003081714982418
6.026524197942055
6.038077136409662
6.059330484146988
6.069615984785683
6.090174012971857
6.101093861675561
6.104291415145728
6.1199232170938345
6.133082751983613
6.140932216607417
6.159212095811103
6.170929562693729
6.1798683853772
6.191604801061384
