0.03801614524062304
0.025629919374128195
0.040214404897085734
0.02266325383672697
0.02536952082127554
0.023844383854032616
0.021788534157469806
0.043787139788452306
0.03585505474522922
0.04272959240736087
0.036644186039507316
0.038037456279762856
0.029972770640687114
0.02988666309600069
0.023613227893811907
0.02885057963929645
0.020852664375842572
0.025505743665877646
0.04003471017321878
0.026789283510842345
0.06244007073917189
0.058812088077407565
0.023295638764249962
0.044580939548300696
0.032153113177290284
0.04862032483858733
0.021311833208454593
0.028817066168252848
0.029252637550864387
0.032256932593693007
0.04653443685657568
0.0386301948170292
0.041824907787117505
0.03733032907785834
0.030957239549459153
0.051028807292749286
0.04277033172530406
0.04171076910469347
0.034590338080223236
0.027164810591770647
0.028603289369442664
0.030684661089751254
0.050522821123488375
0.022326253869211693
0.023235453485287872
0.025948356200014424
0.03437774350808719
0.03367652003724691
0.03201954255904048
0.031092670271161096
0.043046668120480705
0.025259166038965934
0.03665633039628302
0.04030047464208944
0.02755173940555992
0.05265571504324609
0.058800985606877715
0.029878647494549413
0.04797523724090397
0.029553271221153733
0.04715358599416443
0.05520545507971847
0.02898344011503989
0.053592051815595426
0.07274058703577604
0.020736850486210212
0.04531641609709698
0.02399768905348182
0.03604625483965252
0.03814565822589768
0.021847822308428928
0.0290521617015124
0.030468367710161252
0.04467322574670387
0.03044285121653792
0.025592347314649586
0.04069146207209737
0.04430048253940899
0.022452721656640067
0.04165537722261944
0.05321843971211874
0.045739638705255596
0.05006856562463282
0.02591327682993992
0.02266915362593996
0.027660864082454675
0.04929245123422392
0.03391504800884775
0.02875310174293648
0.03272131316964123
0.038103321056996535
0.025807117608905195
0.04407234241751223
0.06940200552837206
0.026219147418911754
0.023831841883422585
0.03739325868652943
0.0218548185952435
0.024409334753477674
0.02460093280517499
0.039003726605333716
0.03603113927370228
0.023945590980594893
0.04840402964026297
0.04750184092673994
0.04182547763101589
0.04318830932383459
0.03258313835512803
0.04251542030129492
0.028665816697245355
0.03967991267138355
0.02070356078067109
0.052570232625543785
0.05278047605534932
0.05582232155065083
0.021938086807099966
0.02402037260423862
0.03911200787972055
0.023591532485592613
0.029449841010030182
0.030604198960054257
0.0323465072328872
0.06481292999457297
0.048438112751052656
0.03249750039425879
0.03374246899567399
0.04899464232299391
0.05094830976972648
0.04743473054389772
0.05507957889842273
0.08969420279356607
0.029132662026461156
0.024513773853697036
0.061705344460190555
0.04976741178195627
0.022834195894794566
0.03786317771377101
0.044396211313704095
0.03994483397567799
0.03019600366233899
0.02414591680972879
0.05028696031911544
0.05165655490663858
0.030605256753641272
0.030725702934694826
0.03726654640090154
0.034781171019676864
0.04377452691951035
0.033842648936171914
0.03577374479004326
0.029968304618217752
0.032635610196469995
0.03742367294540012
0.042489631937278755
0.03263990187704631
0.02570856965062184
0.05191973462852179
0.029545514638689128
0.023727487651973512
0.023076372443710604
0.023979833688642486
0.0763533237595073
0.032060284984854116
0.021632815751854384
0.02398241371163955
0.029662801649896903
0.022023978891066463
0.02330058263032815
0.04919267533982974
0.034618612829437984
0.03147337125908108
0.03478912175238292
0.026495338547106614
0.023912651883869682
0.03643172136016311
0.03435874428007249
0.02373784085588924
0.03428407151356015
0.022490015241456128
0.02516963261947767
0.03567973295265777
0.03467064123445077
0.030386739416491598
0.02352918262248767
0.029452468132944342
0.035268755980919775
0.0456090400622287
0.025574222666786026
0.04323908781530045
0.05956725968090024
0.026833167955988925
0.02746596293881535
0.030625701882150278
0.02154932377946275
0.02374983067308581
0.03226510438315035
0.0485138978992872
0.02603297051383708
0.02706803453492265
0.05854501369885052
0.023410483076437803
0.026291605394106462
0.06317094583016894
0.05196522960665751
0.023903210237672057
0.047290195185167666
0.020818279001864736
0.04040347289767349
0.032324902785418295
0.03198331625969601
0.041441072796464515
0.028344811918753487
0.029679962919170196
0.03672293979869627
0.027587599091724875
0.030452216108195145
0.04847772811430373
0.036324338855966226
0.03677216320819001
0.021942229721329164
0.02827895536275807
0.05077979527711074
0.05018927666236638
0.033003996448071615
0.03585621834630105
0.024335123586024902
0.03596693608091437
0.0340522293551786
0.04079550586521701
0.023668040892774078
0.07213149058434545
0.03812976181900948
0.0313706489669646
0.0444193335214949
0.03040625458051787
0.037047341361871
0.03244649438653388
0.027974510912346703
0.06229745225665437
0.040330457354266894
0.028976630978334448
0.04955636046908641
0.02746124497372622
0.04458695515756808
0.02338764273011483
0.04027458979997309
0.022230188691521293
0.027856262345694337
0.07011103611168636
0.024856412779061282
0.024587541317818574
0.0685890789459097
0.05492564477971265
0.05730228576917831
0.027199849402081495
0.03822800235372126
0.0816663714378769
0.04760890145739797
0.030995362316556245
0.022959801390309585
0.04070958509261432
0.04084801687551307
0.02664598289143277
0.02685882722031405
0.026672041188435313
0.038491920526660915
0.036456282012522455
0.02535762894241442
0.03220336376396281
0.027771012267044034
0.04161214229392719
0.021294226174277373
0.023106578750760484
0.021360929409866256
0.043146880120476544
0.05559740213163865
0.04156060205170794
0.02342574372716783
0.04845675491758747
0.023927972004342688
0.03170707328713399
0.0322228729815798
0.03985137976374882
0.03913214684808876
0.029705858461329712
0.02226691059008972
0.05745418812003097
0.038671769274414264
0.048874578054830316
0.05882980283913453
0.04736046245853306
0.024727614847382576
0.04488813932150756
0.05318514997567967
0.05774637992610285
0.04656880896192818
0.0307220581748335
0.046660059968200614
0.029194984513123422
0.02982926778687234
0.037712372832619426
0.04969657639782563
0.02103916287507448
0.02922792316295029
0.025458407704583127
0.037560318039590014
0.03445374840335112
0.028712288858763643
0.02209906155993323
0.044098124953279756
0.04252728042355705
0.023954978154366636
0.035526107061438814
0.03618577595895605
0.02565660478402476
0.05425879775402742
0.028918704883339082
0.0360592946966324
0.020698362838860458
0.03271852208924814
0.035099208783091106
0.036391920878352364
0.036033334541030186
0.024951781717657065
0.021876602411336408
0.02651275659635073
0.03590016898430351
0.021080909779822566
0.02394302129673977
0.03728739006839692
0.0229225559165575
0.03225399673159651
0.02342822549022273
0.04425870777632785
0.03376585009059216
0.04061368305944912
0.03897960324686155
0.024054871042556505
0.02849532045595272
0.04899611663436131
0.040603456351232324
0.037761119215164646
0.03146970227985856
0.056458462826902665
0.030020527210443446
0.022088336289550432
0.039339989097202765
0.049738491635783456
0.03823347411998234
0.022683852125952208
0.022601707501873437
0.021320066832513918
0.03886707744225438
0.02279470648230743
0.032467870410295946
0.02806980711616597
0.02755509291833588
0.030847975553092457
0.023783375173836566
0.03386509320064241
0.032581648102557904
0.036303269989693195
0.03718699867128466
0.02948695952017542
0.023132224571974357
0.03926500686548163
0.03803496802997375
0.028007715918923277
0.02744713073464318
0.0447694129093249
0.04319809511130011
0.04844977879301669
0.03371788755686978
0.03770136610937036
0.0427486150340593
0.023944730066476717
0.030514736069105923
0.029102969972203522
0.03702628397358087
0.022052213967238207
0.035423917503228944
0.03141192099796134
0.027242236806538145
0.025495839383815302
0.05851193792418597
0.0456800744697809
0.0328898585823353
0.05516515435253146
0.03736221330086144
0.02253320167983874
0.049746944352075745
0.042196551447941995
0.026111543442891797
0.030129713513853438
0.027757305051360353
0.026693406174291407
0.023737562996450072
0.05084489650468203
0.029955270651163594
0.04907852492071533
0.023772617713945808
0.048001999408235456
0.03250906713069401
0.04264954572102464
0.03132679337826344
0.02938887414330628
0.02335368280020351
0.04220117741402487
0.02709572597088218
0.023917339721676957
0.041848412517829225
0.030082813066927463
0.023473133603452826
0.03282430375778029
0.0452403607508149
0.02155148488702214
0.054383778474051236
0.03759417053684385
0.032154849866500405
0.021371939510093203
0.028055227819847407
0.025714089826666408
0.049565214477722434
0.025122330017502605
0.0445259535301267
0.03600749724600412
0.03816763945762778
0.03899116958473221
0.024868738266410235
0.023864925705788156
0.022415964981539947
0.025012193043048143
0.031236214057818033
0.023449678617374344
0.03440564517521337
0.029343822363767105
0.05920893540342832
0.023673859556973674
0.02278072586348539
0.03250438746923768
0.022548819941598575
0.029522428107224875
0.033058041686951166
0.03938312227340453
0.03569967688291319
0.04071760732093654
0.02876244512731486
0.02391646404618296
0.039288166985659456
0.03156382492253732
0.037556017622052046
0.02195368471393543
0.03778456546664611
0.03157933792512026
0.030297121081817802
0.023953111050469395
0.025831820735505846
0.028126592824906364
0.0331434806352121
0.05415792480835688
0.023154836683050378
0.054610350142106995
0.03014464160129727
0.021115568272815532
0.03693815485290483
0.03640789901243696
0.03367789168347396
0.028907489535874752
0.02368424365017704
0.040600411607125304
0.02940751742739852
0.0454539391669221
0.030516627670201506
0.03558646569041952
0.023729215672344244
0.04931247258768634
0.040496141467993726
0.029204106348626024
0.037615836697031425
0.02721579281054032
0.03837468291466989
0.03600055720725949
0.046453718238161
0.025328958980619053
0.03550986620775892
0.028743610356384557
0.04892530219859575
0.05185998461368268
0.02684943913592226
0.023101885501518656
0.06893378767152664
0.03453266082750285
0.02792121608205882
0.05105712679201861
0.023277926109012477
0.054244030929206766
0.03555942530825574
0.026525091732250244
0.02720344681737806
0.03839154322182826
0.02533867999311538
0.04558094784405898
0.05413614097897707
0.026390510031575765
0.04869760896901328
0.06180289079518972
0.02385038054131911
0.02971457156172337
0.03418613548166772
0.03413287149770822
0.029814076791640793
0.037081829608522805
0.043436421788276565
0.038580922546542655
0.04278729938587142
0.04018320566005515
0.025312099967456182
0.04165607160817339
0.03289483392358354
0.031807512150520585
0.029866627384432853
0.02079030878684202
0.02229506529604214
0.06259313024224805
0.0433177296862275
0.03594374315760572
0.032620334540629146
0.0348850288076117
0.03721487529223176
0.03520032924178504
0.04372450893863173
0.04391425358465735
0.07421737896442435
0.022972437644215728
0.04026603704768888
0.02671186372458939
0.04442685147051792
0.025008014834208992
0.02755001085093453
0.03134621362097532
0.029899667332476343
0.027221121580581063
0.033386117255746986
0.05656785429412585
0.02760988910583051
0.040472595470138054
0.030374539830465203
0.041401885438216
0.03089929263462316
0.030613662848819147
0.03583106768080025
0.025574675123040687
0.05470346689002526
0.03516352078095284
0.03281671333575677
0.028823005455682178
0.03292433455830694
0.05545999498759933
0.020734300239375728
0.04299522124436142
0.06806705204986709
0.025948200351164862
0.0224470120222585
0.03718132961042816
0.02119783751896304
0.04693877627608324
0.04422799082469313
0.03133052005483791
0.03586474026220632
0.030236325517280272
0.029674606978640595
0.03429007506436351
0.02434510778461714
0.046910661201359685
0.0509614930537478
0.05197469504064996
0.048775844552140055
0.022456941528470626
0.04087232043839292
0.021643943834207174
0.04043990651928694
0.024207482395399924
0.03354260335137954
0.05605772112051284
0.028462335654495224
0.045390733946097224
0.0397314856412844
0.030293447987082965
0.02651862723699549
0.04197328480969451
0.03192390451394028
0.029405812601123703
0.035067434898003666
0.023276537801450864
0.03044941161853816
0.02213225694879966
0.04486811758882812
0.027551648690725718
0.027224846963475588
0.034608410098721155
0.041739245236750946
0.028704530697238946
0.027209552507882723
0.04149800218651442
0.03968720206853413
0.06269833652320561
0.03115785394904488
0.03941895084091786
0.03374771977793662
0.0227396565774609
0.02240096863363593
0.04625100666641878
0.033757295541038464
0.04734610530630349
0.05412685661428173
0.036657338009572285
0.02560067107217975
0.03634970987605052
0.04096461182212812
0.02853631306295978
0.03560731837460046
0.03034679452284057
0.03731634052738512
0.045702491963635815
0.05456918000292475
0.03973979744373622
0.038522090886753124
0.023342419400308855
0.02199107232253744
0.05509578055974889
0.024923913845783244
0.02440035967998371
0.02624861885687353
0.030843617850415707
0.03210955347207884
0.021236832353701756
0.04094456313747365
0.034467852396090036
0.02917390900667985
0.02971639933428097
0.04327169126138305
0.03859865435081339
0.024468306325343518
0.038628006588631955
0.03686751849122836
0.02196649889304837
0.034325388531306754
0.06532807400901383
0.026086916860850032
0.02989789806791636
0.030776653785132918
0.023090757660490045
0.0309648699504011
0.02340800977193253
0.04294329662598018
0.04435008571155723
0.027282163284875895
0.0283402949387449
0.03556859988153495
0.039085349718680676
0.0402388933153808
0.026254862611015176
0.0318664364005142
0.021553379060073683
0.06293261484719104
0.030007616600119996
0.030277901940876553
0.03690555471806677
0.02413034967537806
0.030807189035765903
0.0242598913047393
0.035603253157939135
0.03494685310952106
0.03150117493619559
0.024036176420316743
0.02948509071831457
0.02451640453182883
0.04854112715068635
0.034885939040888374
0.04073047342875938
0.021037466325928948
0.0746719590332347
0.03272611675461036
0.027201984423444146
0.024441562492715983
0.029433400524481856
0.02965910265677257
0.04409745166773493
0.02472373107337803
0.026840130324334376
0.027768113856230146
0.036294739713159115
0.02446492517051829
0.022977571063623078
0.0263344291353832
0.022063622116093425
0.022844284773729125
0.022979934780343256
0.03293811306858375
0.026518484441872173
0.030636360766852073
0.025567470521110025
0.0391161913629336
0.03462019161646668
0.02170342106722165
0.03395300878652492
0.03366026047289024
0.02287000158854953
0.04296600605180831
0.02878721910680703
0.03905151292054103
0.03759188128033712
0.029872706653615237
0.029366793244533108
0.0457140328058502
0.025814340649594616
0.06241986435696415
0.03240489517181144
0.061788014372522855
0.022080624782354792
0.050114011795332515
0.03601719121208925
0.022306921938604427
0.03519545514684339
0.030487245498371413
0.05697196581409435
0.02762683098950539
0.03883121279746388
0.03430710078165262
0.04270950228072123
0.02851013442152
0.0332535231696595
0.02089002592492638
0.02893592954895206
0.02114393006889996
0.052534704620476054
0.05342913430295177
0.02286531074230734
0.026095258568591163
0.02899687318825375
0.0405474425734371
0.03413481558079382
0.0333651898903867
0.024702621504879427
0.02397829808066807
0.023904974500043377
0.030841362522513162
0.0499587444016262
0.025202553855478007
0.038439265490820655
0.02487691925608592
0.048817235368062845
0.023477869991480837
0.05228239511974835
0.04484986833195016
0.035223092662691476
0.028725468839957188
0.04539109096893233
0.05977949273722402
0.03754082454970766
0.02918428961135761
0.052909613917171756
0.04873828016891581
0.03159949105429701
0.039719483721687335
0.028153621180712334
0.0530091703504355
0.031128613288326272
0.028998680222432238
0.026581444606301036
0.06938190417829088
0.04154154781200789
0.040628060532493404
0.02448305962654942
0.026647515490752425
0.04044677232262554
0.02584358836079298
0.027105409216442052
0.04675962104476917
