0.009507008844265266
0.011098900253786263
0.018992399099807513
0.018879115229928887
0.010133523048144046
0.012115914981535301
0.01746715450517605
0.019165701333743054
0.01508664148424716
0.014356828007840978
0.005314680944960051
0.013595306820710234
0.008763964877007716
0.00510101491537627
0.0057084042615345425
0.009979015807894058
0.01806045135706423
0.01302679165558841
0.017223788006975303
0.020475273918735527
0.02004092180158578
0.012937695790300704
0.011719928083724084
0.013234643197971789
0.011008522348538134
0.019608306374865676
0.01005340236376958
0.0069023291539535205
0.015248000460689184
0.019283250860224272
0.020506015722518103
0.0063009357462300054
0.01776816515069214
0.018680671012653836
0.01831534558701149
0.006327949268863968
0.011457088145099348
0.01570618549699848
0.01649077777780486
0.012534699715318271
0.01711023292582527
0.018635195591701882
0.00918543397404014
0.014698843167066553
0.011465421523123258
0.018220864501201306
0.011675575638319497
0.009020908261532562
0.015054522348191343
0.01965924468534617
0.017079912753176045
0.012474051152764397
0.02038017587646201
0.01107503246441186
0.01978883991789283
0.009917720019121593
0.01819056010042709
0.014383193238878931
0.018927255831712782
0.020159602538140822
0.01708489954541609
0.016679465370186383
0.007319276350250955
0.011485742824246508
0.020140831482411813
0.020448170578899166
0.018770253539740402
0.016689913324909475
0.009573750401400209
0.0154115120963322
0.004977499480734627
0.011763934753349081
0.014796280086042656
0.0199310710031798
0.01901471295505907
0.019539672710986944
0.008423239918561455
0.0193683032612888
0.014133714588879596
0.018628657162492315
0.009043836261151687
0.020520269834251745
0.0060834192065800565
0.016351683804256046
0.011952873527892816
0.020232450315196878
0.015042137911762829
0.020208891076868463
0.004667490903328678
0.019831464965186566
0.013556851499797696
0.002926828868117045
0.01879951563600628
0.018452471439307387
0.01835685632120511
0.008914663358189735
0.012007504806870394
0.010594419157360318
0.013757435191707076
0.008278561664624524
0.005425935448999892
0.014277691791354434
0.02037951302304754
0.011291727318764608
0.01963458809077802
0.012539860315663004
0.01524968127582422
0.006653226183104913
0.018419551752761297
0.012713481672723834
0.01616939434974887
0.016506593353858425
0.016530650780606712
0.018033325177237845
0.015812953676455143
0.016289973578581647
0.020145825227085988
0.01784944045270095
0.008529810743745418
0.01406375565385044
0.01941489045037454
0.019940693560961238
0.014753624470818969
0.018144726073600417
0.012315725695710001
0.011236098053758027
0.01789751545856973
0.014152089288735892
0.014821679198035684
0.005008463576117433
0.013066304711174183
0.014095853375411445
0.02040074077664381
0.0056640530329081056
0.014580206024270808
0.014015352914143782
0.016413736726755158
0.019923716782874166
0.015139265358837068
0.014200859880247402
0.017471847724126632
0.010541371586193346
0.012610010205804234
0.01853194112924931
0.01600799530364854
0.014400375028659606
0.009249249991297143
0.00973806684302044
0.016916062420428497
0.019478132275494858
0.013560909240301258
0.017523202043341273
0.016795733027220306
0.01935631863858321
0.0157266021644456
0.020636454338968043
0.02055545540882507
0.010137548818730873
0.019549849154913743
0.008528644563760087
0.020183001376814932
0.01743846166523512
0.01587356685502163
0.020125437476885586
0.018981562643557676
0.01817063373006794
0.004487416136437642
0.017940974593218133
0.010521910765480792
0.01883949627659042
0.020069189698083075
0.018190240349406174
0.019668685870158423
0.010277334452089075
0.017096186807481963
0.011186624518672717
0.004800070636209591
0.010624735481913622
0.017575815443645587
0.015881970323998677
0.01834749551881813
0.017619370478343565
0.01919085226458508
0.015200715204680708
0.017726346311926988
0.01890614000441511
0.017244087692484197
0.010673948099750868
0.017186490128415877
0.009797180521807577
0.018495356065977003
0.015989369724467396
0.010487577628676985
0.01118966293532497
0.005240119228031377
0.01728717829568257
0.01790057215611589
0.013505534544471565
0.017676271446442425
0.020241960364204174
0.01321408373056478
0.012746787540836352
0.01971496529482905
0.0183134084861455
0.018493814474118967
0.019445283917600132
0.016649320645876625
0.004991764199889257
0.01479737635298314
0.016439033496730822
0.012190791421304163
0.013818245455094285
0.009930430357360045
0.017716281947504894
0.007244038222413035
0.01676356287459567
0.010600356170224652
0.019687631583971386
0.015589885813283414
0.013656647613374873
0.0171970698864164
