0.004057891905675901
0.009940033299195008
0.0037163124985039532
0.01074658922426603
0.005293444073703027
0.004596128309896193
0.00874933605755559
0.007831573350838672
0.012954274104844173
0.01061093788408089
0.007521241477326385
0.01076212128084915
0.004843034539378817
0.007988945444303206
0.009566296629334826
0.01110009483756296
0.00679616046683674
0.01740341311570149
0.00334090171525445
0.005527182587790606
0.009173072403787652
0.010476252794370419
0.007134892708087989
0.006881247557573076
0.011124390483779188
0.004370909159780522
0.006111574266811898
0.008930337913195856
0.00902402376910455
0.010525062643538198
0.012493376234823566
0.01016581683271653
0.005652648736531779
0.006895143901703575
0.00847480746723607
0.006103884832641053
0.004699922394545497
0.0046669915059004575
0.00638326613187761
0.005797422097161773
0.009465637730059458
0.005674184803195839
0.007922241598584172
0.011506442580427682
0.006582889798093264
0.009427182092346921
0.010354371715429212
0.005656723189344448
0.007936704887133422
0.009548039180662556
0.009738412517834501
0.0059275777417901595
0.013192023514898264
0.014904715161841713
0.0057882814778489585
0.00998244074525275
0.007782469363949039
0.005828448761383546
0.006580204851409908
0.005382645087671019
0.006180947805637854
0.004462007204405799
0.005171850503886628
0.004375268463382824
0.0076494720992226605
0.00433491273660049
0.010805017661363334
0.010976916077974722
0.009311608013013818
0.006689038396300739
0.004583396745478563
0.00887015400498089
0.007093941994749906
0.003485542654487294
0.014544126925996784
0.005923383323396134
0.0038037885480102073
0.005816796132205095
0.004388825797766715
0.01938827321893208
0.003673611493398842
0.0063074758548612875
0.00585807773463837
0.003939159936210982
0.004972024814402604
0.006740667509945417
0.011445725601245921
0.006910624009784279
0.00930469088210506
0.007120002817740435
0.008032286680308146
0.010783769072724369
0.013675170555365334
0.004708738189415153
0.005603453376654226
0.0073422618392199905
0.008594090865420649
0.007996376767066233
0.011878737566767937
0.005989773221203909
0.010269029748384246
0.005951571853428817
0.008451013078171142
0.006217524503697306
0.0060588109101350355
0.01018763889441012
0.006792877612990164
0.010088020770121844
0.0021242930003443614
0.005376756681163974
0.010372186200737554
0.014212368069311641
0.003852181967253427
0.004054126133428392
0.005595110030463173
0.013127101089843477
0.006860945219852501
0.00581780670935627
0.011278001514472849
0.0021824493577410607
0.00893889511848816
0.007576481959710995
0.010574525332372768
0.008398031324184485
0.0068932415756982396
0.011971530619959305
0.01717305785886903
0.007058382578669063
0.014452841726409107
0.005829565342141047
0.0035750199211367563
0.007346042254725585
0.011713077151962117
0.01184236627561596
0.008655437369907624
0.0038749397241252944
0.007065757046385387
0.010449476763682228
0.005411526220186381
0.01075784118696202
0.0033813480193609527
0.009375771210100414
0.010458093853408294
0.0054964575186364825
0.011711860242772558
0.006743947900822167
0.008427114711658079
0.004870435119073906
0.00819063180891493
0.01091077039715265
0.005443140303892536
0.005375136806649078
0.0052268858057681125
0.004950566391349229
0.0037378265413309567
0.004591822968975608
0.006064518414016524
0.008686721708549505
0.008996503328826322
0.005272011184506222
0.005341444471409514
0.008252772640304062
0.0020863007021671527
0.014061003962736596
0.0058870360539302604
0.00854531300480118
0.005406274289708605
0.012193442538351734
0.006034886282457069
0.01766831532753512
0.009391223427705332
0.004387299952556688
0.005268670837142145
0.004966799428476374
0.006323447204522712
0.006036072965529178
0.008752582575430509
0.003945077997349549
0.0039900620186255125
0.010877527908174027
0.008888549605598883
0.010628965128035048
0.01094997452898609
0.016627493190351346
0.0038047354446773514
0.01213374139192492
0.008761036726873861
0.006829446845921579
0.01002411751151148
0.0037623056471680688
0.011522909781666632
0.005683768731539026
0.009685931379758225
0.003970198294144565
0.008509317401566763
0.007465682814565695
0.009123792019187615
0.007079824519618972
0.01611528515738924
0.00898847409699959
0.005985476330938299
0.009453612554392391
0.006071947990758763
0.011751304128706999
0.005662178868420764
0.011249375037601065
0.011052179277769414
0.006568614577756
0.011991341634273992
0.011790878175235006
0.015336315156083018
0.009075643249079212
0.007330749624242249
0.005884548575682874
0.005468740188422897
0.005914899173820871
0.0048554447814154475
0.00518605867285752
0.00843703721661918
0.005463227303037663
0.023382871517517802
0.0061958148394715305
0.005069184936801932
0.004927218682879196
0.006876880566527516
0.005459429898552765
0.005372280949333929
0.007926464191167921
0.01084040319808282
0.014991057947486766
0.003973265891824421
0.008472351275729739
0.004139640732948564
0.011336813324742737
0.004409002069396681
0.013192168972870698
0.006577160930187278
0.01667409042282846
0.008789944800093768
0.007945079425014065
0.009033320719331986
0.00494775163217822
0.008697442847415816
0.013537484708531574
0.005515914848286291
0.009802039746782155
0.005189137479073762
0.004699355913936212
0.008612594728654454
0.012925937051589018
0.006459106810155368
0.008105221476361368
0.008051767851757262
0.009784898880150886
0.004738960817368228
0.005704491019014051
0.00461971193002104
0.007894610866022684
0.002194841706029207
0.01650657714490237
0.007998993650119348
0.0060930450768424465
0.004881197469579335
0.008349989464412877
0.006426500691001043
0.0053545727241407865
0.010430524086254668
0.014008110562228206
0.007317571211436963
0.002539518533880654
0.00576747670290979
0.01461379729916292
0.009677509529781261
0.00756377768417826
0.006253723555042117
0.0058132551821973456
0.005749149367262686
0.004099592603858426
0.003384924694295694
0.007275950764286255
0.0036808661769222157
0.003401943561186989
0.009963135699644658
0.006608690446470039
0.012524579240596351
0.008948518189887756
0.004704486353950226
0.007225945972224299
0.012181269160987204
0.015954960529986045
0.007652193033830305
0.015403372966611702
0.0034442446051403948
0.008544732928118613
0.0048173841162716235
0.011822103559296767
0.010864500839703714
0.007332869466405266
0.013808110925119426
0.007189057096171501
0.0034274503880258713
0.011903735568439338
0.004018182440573099
0.010655179608657315
0.011570135231291252
0.006503006324041275
0.005926028991529026
0.007144220418812475
0.009853047149887651
0.0062204127932348925
0.01127496637568613
0.00904282043098732
0.008627500925358642
0.009954293921848495
0.014747016316201126
0.008845995103543423
0.013593809789066543
0.012786151180960298
0.013544950356564818
0.01993109240622693
0.012314394525863909
0.02219396164013586
0.008164753569378201
0.0061869784652317785
0.010541133978842631
0.004845005717221907
0.020378035083477557
0.005839377832158001
0.008372861887236387
0.02257406318845858
0.011849403955208707
0.007266425357271911
0.0130406276904917
0.004105229436426204
0.004530948016932465
0.009485837954908205
0.005703703089871811
0.018821851137689607
0.016603403388770824
0.005175166624705865
0.007011247814105459
0.0044681147114574915
0.00575716215268864
0.020748461306883084
0.005023573667901238
0.007940555768691522
0.009598358074206094
0.010242896139642268
0.008940943793673212
0.007878933866694858
0.00867247447779317
0.006589110390498449
0.005856455722450346
0.00934046187179461
0.008043629057276642
0.009960977155109511
0.013337662609192303
0.010868269707049173
0.010183386454008717
0.004509192435314133
0.008506540928551258
0.009902386403223527
0.011717465911632164
0.005856331934092269
0.006039344622416375
0.014441616929373428
0.008322340380175496
0.005110286382052659
0.007797922605574255
0.010145948123786313
0.004541001824406179
0.010686447547858332
0.004415988990148286
0.007984479877185344
0.005746316485098183
0.007438975682670263
0.008702096214627293
0.008335609047408923
0.00912180360344854
0.006366151709439964
0.010995899133507443
0.007614611286270448
0.005615987417350796
0.01051747356471771
0.0107532062325366
0.014293237497521014
0.00957091382587464
0.013586563407471268
0.007963025507390734
0.009617795097728643
0.014246712399307795
0.010800086591884969
0.009135453108974621
0.006397706610052186
0.00761046954502152
0.004606032975951084
0.00997280438443183
0.0012594880725306375
0.011298688069636676
0.014589073297567182
0.015626115766111486
0.004846325131541562
0.005496390491901394
0.0053487867859181165
0.005029817365826632
0.00896584576582683
0.013670270880443366
0.006711535609584427
0.008126788901031272
0.00672309426866185
0.0036230500556023054
0.004539715026112029
0.005346457916019223
0.013706381774547957
0.010694427491127482
0.004676510549470588
0.011808911202270312
0.004524252371246139
0.009383544316163804
0.005478845692272348
0.0032292030566984883
0.008067315724190362
0.005950624552927886
0.006471935354891008
0.006854196632780506
0.007750029408804032
0.005413029577387075
0.009796049992989145
0.010504909571787638
0.005584739305239169
0.004957140920938972
0.009254478322219817
0.011626789729237943
0.004779806501470916
0.011169287906980494
0.008804332271436123
0.0068992942995344045
0.01300275944737546
0.004644289488401854
0.005808210268451582
0.006185349769342298
0.008885449468132136
0.012491405443724115
0.003198415825635957
0.005127710026272387
0.0071771101618236495
0.009611361873949679
0.01181615540746658
0.006783589429916179
0.008664008346598478
0.008431667965968028
0.011092325051493813
0.006784082541996935
0.011664350267189781
0.005962509879940353
0.00854305264357486
0.0072841382406035405
0.008268198344597147
0.0066529918379729614
0.005252911395813685
0.005317509004884511
0.012850180864846869
0.009254938357128338
0.009458247855454922
0.013077044824614798
0.00958568035090326
0.0047689456057020685
0.004874647418190319
0.004807750146725436
0.0050549954432342606
0.011442438227687052
0.009470630189370794
0.005467675155416337
0.008314360842278875
0.0038835508326826897
0.006490683629259411
0.007641741249870782
0.005961905104362923
0.005505721010727572
0.01198596367450413
0.005591291968927084
0.01277452253364931
0.00994229215758062
0.01078086227636892
0.010005614935643706
0.002959131412191899
0.013572182684357628
0.009827502710461955
0.0016519048072262143
0.008313781580289191
0.003782626626105898
0.012487966506495375
0.003861233104534225
0.0055013936378150476
0.00470037944140693
0.009683277357249009
0.00813137776671621
0.005289062580461129
0.008239214658921903
0.011398345769421775
0.01488648327989211
0.005746850236656103
0.00916535188694276
0.011264118283862128
0.005696644517654802
0.010433099214398906
0.0011805671584711585
0.007993672282638878
0.009137288478629386
0.008356424643849007
0.00988445743053532
0.007459780278674727
0.005342172371530542
0.00964835071089617
0.00745080244843314
0.00695268943143297
0.007183454331823528
0.004308679103431642
0.0073736731994738895
0.006868933700209965
0.011471843350567848
0.0033065019429005978
0.00395235446359747
0.013811818281116434
0.013731286346865405
0.005623676036305942
0.008005205047793769
0.010254263463706568
0.010348061689112675
0.017017241363915858
0.014477623132822052
0.005212073386885754
0.007453445361312325
0.005708646947888063
0.0061206925806531936
0.003379704474782115
0.006519811080655425
0.0079423572080174
0.007647961721119204
0.009502694714909141
0.005661775872925213
0.006630573553495056
0.004935076818655816
0.007244333987103729
0.0057821730236892604
0.0058654567925459505
0.007857927539708666
0.007830903952762931
0.01166642344122064
0.004506421238583203
0.009430573699226518
0.0038383579322632823
0.00687544954924617
0.006786831605603022
0.00996965503100023
0.011041657398764743
0.00565484463756267
0.007007360860247641
0.011466813768847072
0.011049292426973707
0.009327535436608924
0.004422472285090043
0.008869823880467413
0.004718805526845587
0.006003654898220106
0.017818803684258464
0.007565703375241886
0.008993492424943334
0.0050952562676015245
0.004781290888916154
0.007512719894479798
0.012401266635127408
0.00452856091604249
0.003475480329883672
0.013173836991442981
0.005514631689887016
0.007631309352286476
0.008736425455167849
0.008502202824052396
0.00774210684154198
0.007091325782061628
0.006175590256508504
0.006348129776280237
0.004335142676793297
0.01092710407052756
0.007219143495167514
0.005348595956216822
0.011494474622843413
0.013092292127896586
0.012155386649536843
0.00845614790790622
0.00561291438963747
0.004136882694599894
0.004974925700351025
0.006949986827078515
0.005422537699515392
0.012693545607015636
0.012818711666853437
0.007151209837034888
0.005215008251022845
0.009892895145774771
0.00726966237138201
0.005045375321072492
0.007755455279588184
0.006586100151234298
0.010774855456814739
0.0036818288885641327
0.008380474332945084
0.004877098428537044
0.010784979323590647
0.003139070015843763
0.004932637371428444
0.0030220418687449385
0.00792339433373032
0.007095275047559484
0.007958107669819893
0.01244385765873297
0.007823284456581647
0.004807822955614705
0.005884646335410796
0.009768283337277105
0.013359182159520921
0.010210778755173375
0.01631206619353505
0.006678295344560142
0.007061383053202034
0.0016322120615400015
0.004339252848384786
0.008710841536690099
0.011922804244390893
0.004684803125683615
0.009614313702047678
0.007871825832408646
0.004551720647584844
0.009472113036004374
0.008974877845354678
0.011699780611685152
0.005661541538318535
0.006669340062353256
0.01112885507235728
0.004882374956645176
0.002399885794911217
0.006069504184742631
0.01268098751267495
0.00796982152665894
0.007595553689889906
0.01149454045976092
0.012122692841417496
0.004953661863762232
0.00843962837982785
0.006371970423112675
0.001884771929485241
0.015830512554517444
0.011340163147961092
0.010854071243867083
0.00452824855238288
0.018206341459581256
0.00794079183268876
0.0032811050768239976
0.010214402848555536
0.007722329883344385
0.010150661997422324
0.0042247326023031545
0.004460787649091381
0.010229614773554326
0.005010082463483837
0.002028023094624745
0.007417412826254603
0.004742623244443216
0.008787756463290998
0.005267688771109221
0.014324264604262171
0.0029499230192625444
0.0058144112630044535
0.0023554092303334708
0.005124077147142128
0.0031618887134812336
0.005560502446651634
0.0015761943838818143
0.009664281380739357
0.00786728578941953
0.010990330252575871
0.011979637490845513
0.0023425531692710345
0.010475407114394606
0.005394381669608495
0.004310439433197359
0.005187877753095374
0.009646186941708197
0.0013141954058255715
0.009595104230249573
0.007752048533342903
0.011706477640456618
0.0048431381394537995
0.012473832146924905
0.009931983351245937
0.015351174794012655
0.00989062674852899
0.007347992759427616
0.005228330351599864
0.012637554594226224
0.006188603744528446
0.01672093377773437
0.014258332696639626
0.008452482210518421
0.0058392187180625705
0.012968169616757457
0.00639478842652617
0.010288218776740665
0.003820372774368896
0.012931545037748045
0.0045475338882342295
0.011205791411669327
0.0037649678269518734
0.006360966201896514
0.008199769623809392
0.0069790315074818934
0.008550287902849478
0.009558259169467146
0.0036846103861340306
0.007328424685606335
0.008020437766748852
0.00661673016642241
0.005786693282931641
0.008925121413285216
0.004226176249202582
0.01029206623881101
0.008938113303612941
0.012997141606605303
0.009455458030921855
0.01737104839616069
0.005628851415960682
0.00782558357529015
0.01574422490725303
0.011390267630747306
0.010270089905504308
0.013455067269002141
0.01494289945058329
0.01043676142855098
0.005008211450113294
0.007474197969135603
0.012063612744580291
0.010776539444489568
0.005611333430602287
0.0110983069076445
0.004778637379613079
0.005877902579645021
0.010381736433533855
0.008956634436429255
0.005889967049286327
0.025692510017231936
0.010023714212396917
0.00762523973081649
0.011457744420992939
0.004768711433886605
0.01155089254095895
0.00899697510385048
0.0031962358142201583
0.005621626538918587
0.006823947156219545
0.008557029496806626
0.012329136614442585
0.013888370632911444
0.002875327542384397
0.009024750782016021
0.012084997592749431
0.010533484321094886
0.009225211329842454
0.008997478350088467
0.008646254903597704
0.002444410669088997
0.003972513788187617
0.0012442134924613183
0.0110848141169788
0.007871777570362747
0.011005541871626046
0.010482625314233978
0.007318971056663953
0.011518438316246476
0.007547527498059037
0.0054491594971189114
0.01522315643071178
0.007446191287455286
0.005978456756862689
0.0036174850813901903
0.00743459349189362
0.01762148915284303
0.009928766524785136
0.004863060408009018
0.005644427212203684
0.0045346892022878225
0.013618975549738512
0.004854670678026176
0.015848570171686036
0.012354867758636671
0.005356646511140022
0.010036487507863172
0.013632166290451157
0.008168079717435764
0.010159655270353745
0.006582739303418174
0.005265577671080072
0.0058409546623292416
0.005034682992677367
0.014131262676776064
0.005883708820370181
0.0076119199130687655
0.015137547188254502
0.01004926282260406
0.004954954322771967
0.012011744990347663
0.01694798177625976
0.011708366035454483
0.008815173558219676
0.013407588532984393
0.005172873092295297
0.0065742220024123926
0.006127625188127123
0.010663770974062535
0.014664164289664066
0.007988985453004764
0.005096548262235829
0.015129930745056917
0.005491548053569585
0.009763933156624544
0.006643641400377639
0.012592171747924184
0.0054496686470169664
0.0058456699485057995
0.0062128717575906855
0.013572067500337315
0.013635390033245811
0.006648570293859518
0.0037297971818497323
0.005415057061748648
0.005654160404563125
0.006353719015646294
0.007519980292615831
0.007582756139036078
0.0034333186992818784
0.00595926851808159
0.008832991762342535
0.009414539062514656
0.008791982234354066
0.0034476075880892246
0.0023716458127007564
0.008337158412725363
0.006115523317097799
0.005204757444212347
0.0072733042034968725
0.008620321546749413
0.010420081638543998
0.012826350197597843
0.010932804308853657
0.006523573583638821
0.012593677393951865
0.004514862276509464
0.013844191279220649
0.010017749957306806
0.004787598095027327
0.0028025627035487806
0.005772114402235655
0.0075866070553914835
0.004130764696647304
0.005499831108762188
0.006670635144474515
0.00552821120654216
0.0054853751997636525
0.004697781011027412
0.01132043725841798
0.01886036428523504
0.004306323645135545
0.009777566635214105
0.010571499437853503
0.006858138428415039
0.01242411673079149
0.0056830584542344265
0.006752919915789098
0.012349591238063319
0.009139804404230666
0.0037314598292096223
0.006417975976050053
0.00960328956733877
0.004735255267249524
0.0051270345059896685
0.0038144568404410418
0.005675207384707754
0.010079115669616948
0.011267522041425322
0.009767671782734676
0.009265373207838755
0.007250392355816603
0.0074527834082927045
0.010971435479928217
0.00930093088938902
0.0093442713370448
0.007585023987624534
0.0075226156136070825
0.004480095485115119
0.0065407256764321835
0.008013028577230859
0.002376769513328331
0.004612034574390834
0.010205781010298223
0.00635438446738956
0.016267074242850583
0.006638064684692203
0.010250184696362994
0.005756504916884537
0.008923484208272658
0.009627781180631744
0.000535013528736798
0.00391800520449692
0.005362586815153603
0.003981521113953026
0.004913089955999382
0.004109225581244708
0.008809363134132187
0.008499529668210283
0.00983619136408098
0.008416873915873126
0.00936279451594561
0.005258952721437956
0.010837137207740358
0.006773782344658259
0.01927407822528715
0.005071594678884413
0.011025586896861648
0.009493173250460712
0.00926721528571029
0.007030004310767797
0.0066101897796368835
0.009047339652617493
0.007982343991911752
0.021443026469452887
0.009868949773083616
0.005786357090585988
0.009885166487264813
0.009451345020934277
0.011121266064161032
0.004799583658188916
0.004484657958554957
0.00964104646633885
0.006190077427078778
0.0056432476487250196
0.009105843394504673
0.0026761720115708286
0.011095589072221074
0.00978868635201857
0.012442709363766182
0.01292303519679976
0.004029080192587943
0.00794506552999537
0.006176460322810945
0.005217096931157669
0.004744358545627614
0.015495841131338596
0.007354403855440152
0.012635158119736888
0.00807876084993409
0.008777889648874618
0.008281073974110197
0.009456698596194382
0.008042780007454118
0.013332701787104464
0.018945864329205503
0.008544643789916114
0.005686641887094456
0.011784968679504605
0.004361030621494519
0.007653870058262653
0.004955339138324164
0.005734209921968107
0.011202312228877454
0.008028065039835398
0.011978010809700988
0.00479106485557672
0.006829372951784428
0.007904393143777637
0.013814080174205852
0.003946555750054728
0.012610395221726885
0.004724009970609141
0.006775049468746807
0.0070913277926140635
0.006785892815019208
0.009778543665462837
0.006188443835150636
0.004633778495258697
0.00813313780597351
0.009002239135479395
0.003667256233221987
0.008158980706292267
0.005516463068799543
0.009380922376872965
0.005250991526233501
0.00495767801023422
0.008106904374223945
0.010502070401382476
0.009763009085782006
