-0.018302587666563744
-0.009946365698167335
0.00567827032796961
0.004842354477906677
0.014526844621342056
-0.010208238806782169
0.0018890253495740484
0.011157073346497437
0.003469852275094185
-0.0009375072731944176
0.010029186725502343
-0.006125791024856005
0.0007346993851396577
0.004358555703067853
-0.009661463000268777
0.0021102676656747305
0.0039316841848841145
-0.0005151299941096142
0.0006244262954199001
-0.0015664668413188445
-0.02507032514255638
0.010429426108428484
0.019595114045581688
-0.003925957983639387
-0.0036846949586879798
0.010211963355549202
0.013289217990768452
0.0008973604614990625
0.03282904367453976
-0.003075874099542969
-0.00880665230796587
0.002149782151982034
0.0030780049343560826
0.0002507436508604537
-0.007778292624389366
-0.00020822443467475747
-0.0018624877153076442
0.0013283152147369928
-0.01365779477015757
-0.0217457105002769
-0.02830426658175725
0.0029699360246288518
-0.005745433090647411
-0.0024704592523626264
0.006229256309828474
0.0072785125311557175
0.014348357070022832
-0.02413438081521037
0.013222655916999457
0.004310400933104048
0.006331646640861902
2.839463755517307e-5
-0.002769585074545732
-0.015249980872214219
-9.318013290780328e-5
0.028638753412402795
-0.005849946588652909
0.0007415566358898009
0.006079045645439903
-0.003912886454390162
0.0001261826900242012
0.014398928025117406
0.0015355768497648011
0.0019390119147417925
-1.8665450124330155e-5
0.008397276989446123
0.00822944636991802
-0.003127203264795837
0.0001785242180508153
-0.0020180537441087908
0.002148609757355039
0.00248193588629295
-0.004862638759486749
-0.004768629708099525
-0.005325763776966114
0.028310225921279013
-0.007044937354023281
0.001040551887316614
-0.009782929559381079
0.008372774183416073
-0.025706779485061983
0.01379843108243627
0.0041354758908566
0.0062159031420445715
-0.008144651297649953
0.028395634808021195
-0.008048491250982783
-0.009214072174084379
0.0030376505243414325
-0.0013082032313667625
-0.011005622235893246
0.011052463485080759
0.006424533292987407
0.0033055397266416858
-0.019358656564776304
0.0029122181916370693
-0.022783936141105417
0.007525829104238896
0.010705700029212596
0.020924169058343912
0.0038795041501462884
-0.009228039617705295
0.007317878016044338
0.018166380177227968
-0.007678387877434188
0.011601258823226485
0.01584690037210193
0.005071822839642557
0.0012875044257462044
-0.0006040027229403366
0.003391448539238623
-0.0004854960412470319
-0.0005701883096662591
-0.003353087968850993
-0.014549567111524641
-0.005216414956332908
0.0015153232311827401
-0.00397692930748655
0.00014408377502840458
-0.005982395053421064
0.003474897489650596
-0.01621736849815971
0.003244832421630627
-0.015856390815284727
-0.0019169790495968406
-0.0009189530515149948
0.0007822423387174878
0.019940653483853432
0.008409250559839234
0.00171813378308272
-0.0007182139010591933
-0.00027646536967131135
0.00017924142325443244
0.0006930808196146851
-0.005128801030310425
-0.0019486765448634988
0.015126621294191588
0.005353431850084046
0.002188770733664476
-0.009430518952994557
-6.467377979556053e-5
-0.004351164535890455
0.009674747911423741
0.016436332898990713
-0.009757533969366329
-0.01501538958126507
0.0003324767050264434
0.0005859215094014499
0.0014311311632438407
-0.0010697380818740878
0.004669286124482494
-0.01181778154711662
-0.0013261824230695455
-0.01584271436184192
0.005940993671741404
-0.006959612697358127
-0.002759439727547739
0.0013189873709264918
0.0047358034152331615
-0.011016991134487085
0.002939403520383803
-0.011676479925310495
0.0024831312251188463
0.012826624172237166
-0.004874760139414676
0.006925630063268917
0.016591237158671314
0.00031012554223755874
-0.016078632121585126
-0.0006485660720669084
0.003070175759651173
0.0036981103603795774
-0.0018041966145536433
0.0036153355080209217
-0.00806980179232843
-0.010459959701550094
-0.0028472785265863288
0.00013274657392122933
0.0016523553315470974
-0.0017922297076316145
-0.011675916173881631
0.01504604792735789
0.004456285458088276
0.002913517272066913
-0.0056609694581898715
0.008845027044418318
0.0010166031651327374
-0.0009287480868385653
0.007821097950839262
-0.020478705230084267
-0.0040824939985548295
-0.0006763441956027982
-0.016936710402852568
-0.006749933873396493
0.018880670192181755
0.007441848466884547
0.0034321940230627856
-0.006475215370120629
0.004917658942993661
8.599850238938485e-5
-0.0042821461740049785
0.007040812640461298
0.006528870737779202
-0.06915560981007546
-0.00341793488835025
-0.0032062887090435264
-0.0072501321334766345
0.006436380614258377
0.0026322094138693623
0.009937666786974851
-0.0037953847763027133
0.002658796826379604
-0.005006000762710381
-0.0007930983684074053
0.0090018201690703
-0.005926087596847847
-0.011017905091488818
0.002738362732807171
-0.00463029669212713
0.020631189508072183
-0.0018549291693075575
0.015891034517125292
0.0028837600044918053
0.004161933442831516
0.003991554455740882
-0.0089424436183753
-0.013132917348910636
0.01217068145423485
0.0026291626075888004
0.0004458003393753363
0.0102823385219466
0.0036828145096408477
0.0053971534721771325
-0.002740176552908468
-0.005433591154199386
0.005037341605852293
-0.04503792207601347
0.0007681917810088768
-0.020767962323282263
0.003119714160956962
0.012061190872788402
-0.004331437054629739
0.008441772977949024
-0.0067522080532994725
0.007574206882727271
0.0006622975383245929
-0.007948589263395691
-0.011638130401241998
0.001670297438234986
0.027061815643208385
-0.01545487011652217
-0.014889551471725538
0.0022364558442480075
0.004367855513298386
0.0006852440644584312
-0.0047542724433445715
-0.000378301727674424
-0.00618835582992085
0.009319774329413794
0.0014318779553657698
0.003034591783821954
-0.02458678287318269
0.002976287649929817
-0.007377751204741991
-0.004885076703194834
-0.010694434232908041
0.006463839255744825
-0.005063059279605417
0.01368655987043002
0.000925731992404694
-0.006219314746223902
0.007534391265595075
-0.01639518168276061
-0.00047959793878789883
-0.0021563432078968107
0.002035655726444761
0.00013537685547706106
-0.003142684621737459
0.00323616591127899
0.012826444584157493
0.013599245944702892
-0.006185456012632816
0.02704334896720125
-0.029777109705937832
0.0014951413994574749
0.0012569629806810742
-0.0005613579407154432
0.002091274453592495
-0.0017970986763054667
-0.0064137065193195855
-0.008353357248892796
-0.007320581764904219
0.03282530240763565
0.003192144364298044
-0.005752589458679614
0.0011457662480529867
-0.001635313136858602
-0.0007196657476086932
0.005105298873120187
0.015155957444240118
0.007730907812294493
-0.0005680271868667852
-0.03520933992711904
0.0027142401997053713
0.004820466764908165
-0.006533056723225746
0.008288581952497159
-0.003378583503638473
0.002535355093272296
0.15484232010411791
0.012334916128560785
-0.00424423380837741
-0.00919249201180317
0.0006247463063005402
0.0001835455619899782
0.02170449418318796
-0.00204688348689063
-0.004872056086640628
-0.0006082639686082279
0.04849442084122002
-0.0046683153593617965
0.007306993259694349
-0.004225530389867152
-0.0063644409667784965
-0.00530897756657276
0.0036998836718832345
0.0005866706341065697
-0.005418538885274939
0.002727690465685903
0.013798865042802302
0.0034153421089529326
0.01346410733072825
-0.004008343266510164
0.010733899504658424
-0.0005770083952465157
0.007624290901565947
0.0050928360475660855
-0.02276460339679737
-0.0013509214577788788
0.006430591174108418
0.03339866086044034
0.003895888022088986
0.0052193753310385785
-0.01913036782573472
-0.02489622513135995
-0.09708953825105883
-0.011807220414679137
0.1499296508228997
0.047429316831638466
0.02466155933348144
0.016144882475819227
0.016394758714354724
0.06513353216871429
0.002699786918479296
-0.00023933337592936847
0.02684326851520189
-0.03201955787210952
0.003824363588203628
0.005934871741824133
-6.478816159217728e-5
0.004130975535080557
0.0018722808144831212
0.0020931098409254847
-0.012762050254126914
-0.0005897178594819893
0.007747103608752763
0.009844897884523484
0.0013907534449140062
-0.0008339474853574192
-0.0016323539091639165
0.0025764855946818948
-0.0013335002428292388
-0.003042110229733111
-0.0013841137134672048
0.002517039455964245
0.009386023977474749
-0.0072688200919437404
-0.006851677761583043
-0.0016079953558415718
0.007360198420688679
-0.007254265834268344
0.006464930817616115
0.025315298779384016
0.0070001349961832425
-0.0016110221395075769
0.00867278722507038
0.0065686202242234044
0.017908061665301282
0.004457569769639232
-0.0005737760925863626
0.0035203491342757406
0.0048287953802817855
0.003036037944348902
-0.013249958682140135
0.00023047837475673595
0.02060389426937111
-6.832337635349244e-5
0.00032033171009109517
0.0044557770566106825
0.009759031902668623
0.008143000969470744
-0.0009367780449393092
0.0032350275829031304
-0.0015104466589054627
0.0011534112835221984
0.001061970153440895
0.004882490441061137
0.00019114521807578192
-0.0008647058628487629
0.00013838044053754778
-0.01289160218684327
0.005057754743762386
0.002771128476472355
0.003685485773333288
-0.0024488989404364146
0.0007939592466286631
0.002747838025244744
-0.00186754080184048
0.0008281431010921758
-0.01280195617136929
0.04342298899820314
0.005700712577987752
-0.013138630712726656
0.006457593795711504
0.0028793583504833306
0.0002619711564794944
-0.0010084151852895508
-0.0028760828088088023
0.005096479003760002
0.014730449508998876
0.03279436894839149
0.00937250956524267
-0.007931097407177503
-0.008203208146713426
-0.00419415704062894
-0.01372904242992051
-0.01197837894938082
0.009574671128856712
0.0014658301866887651
-0.003792109162590315
-0.002389364115194664
0.003661164033399247
0.0006285716026495006
-0.01101049187770296
-0.01890802641472934
-0.0023255292087045925
0.01420781941986842
0.008289867887389136
0.009519642066128913
0.0003189194030002612
0.007665366909330749
0.014779560841990797
0.009092213614578909
-0.0024387727436265163
0.0018737599549701774
0.009222719762390013
0.004919553074556165
0.032086580586768616
0.0073403204858702095
0.0031814496595070274
-0.02565561844125445
0.012331802246213788
0.01517339540014043
0.003586879467439768
0.005702501746756388
0.0008074513173246666
0.003994165108286569
0.002529170694773489
0.0031357100481604915
-4.198992084272883e-5
0.005865666307723344
0.03251762571594932
0.007476177289400192
0.0011740316249971448
-0.013258864054534188
0.002488778837009959
-0.012119163583693176
-0.0033401551945532555
0.002914267149404233
0.02206290230100461
0.022071643539054074
-0.007552038904528697
-0.00922215287981806
0.010500720486527795
-0.00987932556839166
0.029607263197131094
-0.011095028173531087
0.00920795204908911
-0.017775608932941122
0.0010789960965737323
0.012563570398126543
0.03073999175954292
-0.01424832554719562
0.0011490862390392638
-0.0071600086206087266
-0.0028705838540629817
-0.02544265504470056
0.0012802266567419882
-0.015978715569317358
0.009098013340570515
0.002131687315342188
-0.004131860131502335
-0.009566734913979032
-0.003226197814899974
-0.0056063875691337115
-0.00518018347628014
-0.0010909820093862137
0.0033890261179309504
0.013951442082825245
0.0021467507605610397
0.002277835924200918
0.03645197088252729
-0.006881786268171935
0.014951202834293225
0.03560187227596127
0.019043578803057654
0.002487826462563893
0.015710442215509414
0.0026125785971139823
9.750988418592182e-5
0.01000080281893951
0.0008968397901277387
-0.014924658225113012
0.00028770322742887656
0.0011255420710540847
0.00781904098677942
0.012758421427535235
0.008201375024706272
0.004668575550807392
0.010266491378701918
0.013472992530842352
0.004248636414295707
0.003783757297079565
-0.004745115916033559
0.00872526719441331
0.01569770941200755
0.0031796883800325787
-0.018929797545385558
0.026377367368881296
6.329295291301732e-5
0.02681097379724771
0.006932029644203254
-0.0021648277537518754
0.008617756512257966
0.0016287589596448964
0.006244999342429358
0.020447633935222743
-0.01875968976491776
-0.002609431454884445
0.014198589692083615
0.0011164005050000381
-0.0026208159180514225
-0.028772965187240363
0.008417576365166383
0.004114065430652074
-0.00011729320250834309
0.003675662753800775
0.024129879437421547
-0.004984917915467154
0.019509013226426883
0.027798283149322738
-0.003651877607733835
-0.026931169069964657
0.0065816513469559475
0.010701349677649486
-0.006147149959948159
0.0014143852500507444
0.0019365021224812288
-0.009532485940159615
-0.015269745170331002
0.006934630721724068
0.0001933958875982069
-0.013355218078593328
-0.005033673464758803
-0.00038419764085831566
0.011311516131700238
-0.00918658318784921
0.001803978612452164
0.0013108875153100058
0.0027383077205048074
0.001869673999042816
-0.00035574809213365034
0.0007871148596145746
-0.006308438871936785
0.0005322953203899085
0.004230457143568678
0.004233753238747654
0.0007851291473519209
0.023107915131879615
-0.003207486040940404
0.0037303072226338133
0.000958838563836724
-0.004834843017015025
0.015247549734483803
-0.004066147954797008
-0.011512194117544531
0.002549661326102572
-0.0008429827321934566
0.012861115999750079
0.004942786144907943
0.01835154587797836
0.012199937005907293
0.019301205351789318
0.014488234535858253
0.024714139746066482
-0.0024710500056315038
0.051853442598249484
0.06546115551814252
-0.002251688859176364
-0.002541519574798754
0.0043628800602004535
0.02675266637708693
0.03998224951233362
-0.015410772847859515
0.003486406575786621
-0.013202917406667505
0.007530753056521302
0.011348765999653673
0.016707145997727334
0.04157430093119649
0.008355896896419945
0.02713070659862589
-0.022250970522135788
0.015129286475175453
0.02200054664555828
0.001089042677443284
-0.004273844031812699
-4.212374884352987e-5
0.007399305704424616
0.0006026353098712423
0.009501268255593056
-0.016038905810442587
-0.005706282492534451
0.00449243573610008
0.021951787072138046
0.01974985477901238
-0.009711573889577605
0.010716623227933205
0.015136168324620518
0.13536679604868024
0.06408792446309626
0.08736898674740046
-0.051786485749667176
-0.003026911532264724
-0.006117928916191575
0.018722141741187463
0.008754797447597672
0.023451455938231586
0.015003076286753243
0.016411777802087482
0.00960521881314223
0.0061592865779150465
-0.007838928807848823
0.0065918809192435255
0.006673211720829222
0.036299290883180055
0.013836581622874716
0.004748910209921659
-0.01002657060980443
-0.003692445449089904
0.0017038044372114634
-0.0047137165068382855
0.0008886222286516735
-0.000686892803421103
-0.002127060113235233
0.007197669780672024
0.005698099065316186
-0.025856117539529
-0.013029305885773522
0.017115106441131782
0.033595217918966185
0.04388090403892242
-0.00025056891589650534
-0.0014976995883552472
0.002482883764260328
0.0008918734857470972
0.00099784670800858
-0.0020010981651836447
0.0011388254735556526
0.0035887967764731124
-0.0009820547475478268
0.0026305749878486337
0.0021974428749782344
0.0007792331256014737
-0.0008867872308988857
-0.0005998064141671803
0.010202764847273131
0.038301108126829235
-0.02247534612644461
-0.02374755529905302
-0.01887411441343961
0.007471898594505659
-0.0041041697656239344
0.0022868603797304827
-0.01284469565260038
-0.01692884083774474
-0.017945669609613808
-0.013263342084341555
0.006282787851507384
-0.017492487152723522
-0.003935330671357657
-0.018233402876709832
-0.0067233986718012355
0.002375137284709105
0.010570697386145508
0.009589643357535836
-0.007460750931550086
-0.002602876640900531
-0.007339097669891627
0.010980217175401695
-0.00039502866072622895
0.003860650223845079
0.05062864337148186
0.12063545911502613
-0.007817631756832866
-0.003428532788978607
-0.04473403412583743
0.06129848191975916
0.03671002621759828
0.05309587881432894
0.021507190373171968
0.008517954584076523
0.02463643069034797
0.03421295368581895
0.0026079335868093717
0.002090385889901426
0.011112408595147387
0.09150535056830472
0.006231080628467228
0.07817501707355534
-0.013511818973313956
0.0196596581475067
0.011700295634284073
0.10409423378929544
0.07517154340060456
0.03442228740338076
0.01407518879403076
0.0597999217082423
0.05041815395499806
0.02634978417675439
0.031429411049472306
0.08340889294686446
0.0008538117611126418
-0.05320870182913195
-0.026580019369057257
-0.004751874376540647
-0.07001477231320671
0.1169878737091406
0.006702141955972634
0.07231141945505287
0.02504290764009314
0.010742037436911841
0.00428506168739393
-0.03845869094137224
0.013253249363665395
-0.016994097734446753
0.0030021355197222487
0.011615170178062531
0.03221964336111153
0.03170890900045509
-0.0014291140759710586
0.002953766350599412
0.05658596722055735
-0.003283926652775708
0.00039067887440914447
0.00040889267339253146
-0.0011751845795430675
0.014961390790433253
0.0039553843136906405
0.02525371919344168
0.04864044921174136
0.0038120701492079904
0.0911389831213501
0.12073822901336305
0.012904437698925476
-0.00806276784719448
0.06929188392972982
0.002755953301016057
-0.007239113472807453
-0.0240508125717851
-0.006231078062200879
0.0004545451405860334
0.05959799035584815
0.02639298973930516
0.014246392112096369
0.0075134295844633565
0.004911663102390801
-0.002408086650722811
0.0007033702809333063
0.015236203063163487
0.049669881052999465
0.0023680396902206373
0.005557202772561172
-0.012544811504259738
0.007599132749352952
0.029584941248226457
0.028512161369260706
0.003103439562699516
-0.005551640171466582
0.05180682712774092
-0.002859151182151475
0.02487490205700419
0.03628201586894848
0.02384059414885122
0.0630855204984051
0.004796066689690136
0.05797468523608752
0.00018588435724321183
-0.023392933537005424
-0.0154409627013076
0.029131480453553682
0.004938998796458238
0.008432004259983094
-0.008448545138083751
-0.00505898789680019
-0.008956350791691652
-0.0005404396355771256
-0.0012926341326372787
0.0019982061260039987
-0.0028884129696557337
0.006330948623515395
0.005416095717295366
0.00269510915674808
0.008589457757222118
-0.006502665044703693
-0.00575559397135933
0.0032009847330419818
-0.00035283194997330885
8.507711312206136e-5
-0.0074206221927125395
-0.0017597601829726155
0.001391732923842516
-0.014449737803791447
0.0006020621465007258
-0.0025597262118122665
0.006769265400652814
-0.02027839703756557
-0.012435642426945451
0.007199493948898364
0.0006989551041317517
-0.003520487596187635
0.001799819909342172
-0.002959938431644738
0.006536642454276947
0.004349150653785208
0.029123646734399013
-0.00014703995150604836
-0.008177817563348549
0.0008963719177354982
-0.002525158303448586
0.0011750922345143554
-0.0005094124391181304
0.009797930945534456
0.01020027680685726
0.012600490599283792
-0.004776979443141696
0.0007284350495853232
0.016750220070510552
-0.0031271864005149074
0.008161074522319615
0.006014582871694625
-0.013769712018415512
-0.0010026990532506412
-0.003084705887675239
-0.0006065782578917577
-0.0031248779006171914
-0.008345467535559549
-0.0016656075669930586
-0.003284820893537024
0.007746417875177758
0.0016617959403574464
0.015357800146070856
-0.005033539326702073
0.002410545054863144
0.0058644457293253755
-0.007502642083898431
0.004463949476650431
0.014253485192423329
-0.0034848801407172192
0.01529472685539478
0.003949242725886695
0.02772042375275143
0.005556333101854112
0.01407111182316597
0.0004434550254945546
-0.0010278359261000824
0.008417267188793674
-0.0004243866690496672
-0.002711520770757746
0.02076091754470177
0.004747224282667803
0.027226182520132383
0.034802410458083494
0.0031734124850607386
-0.007736432582830688
0.0005394192015726834
0.010553806908646398
0.008020972737106606
0.00529696862124781
-0.00036182186131000673
0.021064303368180503
0.015827084141132326
0.005247046450927453
0.020299463666462386
0.006825293579224683
-0.0051377325817731035
0.005701570095123235
-6.68846821837085e-5
0.01984180143824206
0.000375065437236102
0.00540583530357594
0.016832513478533262
0.0051610594428414674
0.025129557522825727
0.04203309821774405
0.011739687980404562
-0.004349257078765689
0.0058978193674293355
0.011357683406155582
0.004735985976720078
0.0018905113640854427
-0.019898251995371367
-0.00979141231235451
-0.007948597976872269
0.006645756519565628
0.01821742342064026
0.004247609443899484
0.006932054736196842
0.0010423437166079614
0.008899859526821409
0.04031182809223163
0.006327068907805815
-0.0020805079258727896
0.002210016909192501
0.0027416247621894125
-0.01512662471132984
0.00350584160362788
0.04824289777805794
0.014904492961653444
0.0014362126743765252
0.03384748275725601
0.009011544446004782
0.019423678126333152
-0.0031835477521674487
0.0030985232657519427
0.013478997182749477
0.023695872708887136
0.009636199334823185
0.0681702937910543
0.0310617431451516
-0.01209669426575841
0.004436007521703008
0.01300302672914417
-0.040121060192923635
-0.001010792977546249
0.002975727694937264
0.0009064972634429556
0.0061125044327109065
0.005798237865323226
0.0026441773401074016
-0.00783949625957011
0.008817408155314045
-0.05243669980658653
0.0
0.0023621221519941967
0.00404366760466669
-0.00859798857653946
0.003132513442841771
0.002332740950142751
0.006211104637598412
-0.0021265902521519853
-0.013875859364339882
0.017093650741662653
0.001246999357649383
-0.0009058345786487908
-0.0035155957176096057
0.0018807881380234926
0.0039385174061269705
0.0056928460080125825
0.0020396303839325548
-0.03412058283170661
-0.014575056825641081
-0.00938431546281697
-0.002751320386110637
0.005257977782568379
0.003193961007454929
-0.010161223855842158
0.002664735883058432
0.002934139363106055
-4.040746830909995e-5
0.013275149483463752
0.0036604232321773593
-0.011729427051932159
0.0017370331240830661
0.01778958571010488
-0.002838103967692517
0.0053576690807163214
-0.05301372487151704
-0.007327716282934769
-0.0005739618856547003
0.010738085887526795
-0.002086385718900162
0.0012396589351062915
-0.012281718269107705
-0.007562881565427631
-0.0022045593083181245
0.009220463017280087
0.0189615535386495
-0.005482031127102558
0.0061191308348329185
0.007736552430232258
0.006867472309080564
0.01174844942204378
0.01849316431820356
0.00196660344342422
0.003787371508030557
-0.0012390789471397668
0.0193940671325916
0.003925995229237593
-0.006161862323859924
-0.018123567927549947
-0.022774885008721255
-0.0034750013479175426
-0.0005366383786421852
0.0018714686567817941
0.019009726159981803
0.015254891328106052
0.010988965170191349
0.007739072727085483
0.0015717283965264153
0.002647891727167501
0.010728175807391023
0.002082928950815301
0.003031880055427582
0.003082093422492074
0.0033672475589820805
-0.0016662863062794054
-0.010248173435676758
-0.040542574932200544
0.005688611832500512
-0.0051332878994044965
-0.0010256679652021004
0.006078208850314168
0.017538085835314042
0.018003255949450757
0.0014979957956784355
-0.001645915752808609
0.02093250044369524
-0.007834023923531722
-0.0015917805224233608
0.04394584901914742
0.022693186325004687
0.018340872228757167
0.0021452307888640307
-0.00040926288429524323
0.02289619361766268
0.08418528721281872
0.03534241323522873
0.03000542524467349
0.007318562780134239
0.00824407571404436
0.05190361721215754
0.017422052709312092
-0.006399610572645671
0.01915431605320016
0.07342776692107908
0.07192711868803517
0.014494854057304716
0.0011899610832643518
0.01582418268320764
0.012888933181637285
0.024177057432806508
0.008965020813154999
0.0002505314387041042
0.005333110363668228
0.02641915630787653
0.008632430285858502
-0.006410315170746302
-0.003789047477435671
0.0008968372085850332
-0.002513841107653232
0.0047781333602115285
-0.0015149090677000336
0.0033637950705952767
-0.004034247950199037
0.004225575944767425
0.0056778201944898896
0.007081337683023295
0.006013023066821274
0.025529198515355917
0.006676872091040672
0.00016318054729517366
0.015336634203925881
0.001942136582763278
0.015053377025829352
-0.00017458750338600234
0.004854770900131345
0.006801865500619236
-0.003894843935824915
0.008219092266971852
-0.011339349072008623
0.00035945675266136235
-0.0014442454220970988
0.00441115694015924
0.019845786015749017
0.02941283042134356
0.004587734001816217
0.04720316286153155
0.10373262842809552
-0.05002653159197746
0.0034740744835193875
0.00726525542956412
0.003076035075099588
0.002727038117276563
0.0007830179376996778
0.003932455526375396
-0.0041418090093012965
-0.0006902519327078665
-0.003442482319794723
0.002913528885680756
0.00033191757811236683
0.002304924574288113
-0.0009623450108309422
-0.007125925428054064
0.001320768680958807
0.009328664806590128
0.008973896973812989
0.002303155461178804
0.027278358163703515
-0.011132912076667004
0.007123218982027681
0.02225747366266732
0.010553557596269384
0.0024485059768202264
-0.006823755393138459
0.0008496231187658383
0.004407717956684279
0.0109481353046893
-0.0004777365291123907
-0.0010666616687425292
0.0007150879253524807
-0.002184682060118991
-0.003563036419861761
-0.011184789692400415
-0.03382063748143472
0.00542272162640876
0.0014766028190981515
-0.0019640761934233497
0.008616699519914544
0.00728365051067298
-0.00760915267844292
-0.015219718365257541
-0.02108031177392253
0.021515520896368642
-0.0009168355352121994
0.005905094552766565
0.011913883201925362
0.012847137317898405
0.03052679371885181
0.0013529484642747565
0.017445447479251967
0.009273655416117159
-0.0009318430850175973
0.007866925288454372
-0.0014169689323024776
-0.007276226933365979
0.003986269774496683
0.01263004777036665
0.012110731870864814
0.007083093129605052
0.02525121863181605
